0.72 0.573 0.366 0.773 0.67 0.798
0.697 0.57 0.452 0.426 0.689 0.817
0.714 0.614 0.392 0.681 0.723 0.769
0.66 0.583 0.414 0.477 0.716 0.735
0.692 0.616 0.35 0.467 0.703 0.695
0.72 0.643 0.318 0.78 0.704 0.708
0.689 0.574 0.448 0.551 0.697 0.834
0.734 0.608 0.334 0.947 0.691 0.787
0.673 0.589 0.363 0.219 0.68 0.708
0.653 0.592 0.38 0.687 0.755 0.811
0.715 0.649 0.358 0.473 0.657 0.725
0.682 0.589 0.469 0.467 0.683 0.782
0.707 0.605 0.464 0.233 0.709 0.728
0.667 0.581 0.342 0.293 0.696 0.641
0.694 0.594 0.397 0.506 0.641 0.784
0.681 0.6 0.468 0.644 0.7 0.739
0.698 0.557 0.382 0.758 0.716 0.71
0.71 0.626 0.414 0.623 0.73 0.82
0.679 0.582 0.318 0.689 0.716 0.669
0.682 0.642 0.338 0.37 0.64 0.766
0.693 0.617 0.401 0.47 0.731 0.723
0.713 0.641 0.367 0.689 0.679 0.758
0.698 0.597 0.436 0.671 0.731 0.848
0.684 0.584 0.392 0.41 0.691 0.759
0.674 0.585 0.404 0.748 0.711 0.79
0.715 0.556 0.385 0.405 0.699 0.681
0.711 0.589 0.389 0.332 0.736 0.715
0.704 0.64 0.372 0.424 0.678 0.739
0.697 0.601 0.338 0.655 0.694 0.734
0.717 0.603 0.396 0.66 0.699 0.764
0.704 0.573 0.365 0.496 0.708 0.714
0.676 0.565 0.4 0.707 0.708 0.736
0.695 0.599 0.404 0.45 0.689 0.734
0.68 0.59 0.41 0.178 0.715 0.647
0.71 0.591 0.381 0.908 0.64 0.74
0.709 0.628 0.449 0.65 0.709 0.739
0.711 0.553 0.463 0.714 0.723 0.841
0.706 0.588 0.429 0.306 0.678 0.72
0.732 0.603 0.335 0.644 0.695 0.715
0.706 0.619 0.436 1.09 0.714 0.818
0.674 0.585 0.414 0.733 0.696 0.814
0.673 0.586 0.448 0.274 0.714 0.76
0.722 0.608 0.408 0.698 0.715 0.867
0.71 0.608 0.415 0.721 0.617 0.765
0.693 0.617 0.482 0.721 0.695 0.796
0.736 0.642 0.468 0.446 0.701 0.808
0.686 0.611 0.405 0.672 0.669 0.761
0.733 0.619 0.367 0.685 0.68 0.756
0.717 0.593 0.393 0.466 0.69 0.734
0.701 0.584 0.358 0.914 0.698 0.853
0.708 0.597 0.385 0.467 0.743 0.696
0.693 0.604 0.405 0.362 0.685 0.734
0.707 0.566 0.46 0.842 0.709 0.825
0.702 0.602 0.409 1.225 0.72 0.894
0.706 0.639 0.376 0.841 0.662 0.816
0.679 0.622 0.468 0.42 0.72 0.735
0.673 0.603 0.417 0.463 0.674 0.717
0.699 0.582 0.384 0.759 0.693 0.759
0.689 0.605 0.372 0.608 0.679 0.668
0.719 0.63 0.419 0.38 0.726 0.713
0.692 0.616 0.455 0.523 0.702 0.763
0.699 0.627 0.39 0.662 0.718 0.614
0.691 0.608 0.354 0.737 0.687 0.771
0.728 0.642 0.421 0.167 0.703 0.727
0.676 0.57 0.355 0.192 0.681 0.732
0.727 0.599 0.307 0.525 0.684 0.691
0.752 0.597 0.331 0.254 0.724 0.757
0.675 0.625 0.316 0.689 0.769 0.729
0.701 0.611 0.465 0.476 0.633 0.813
0.667 0.619 0.408 0.272 0.637 0.778
0.731 0.615 0.389 0.485 0.655 0.708
0.693 0.618 0.39 0.252 0.681 0.658
0.713 0.554 0.414 0.355 0.744 0.697
0.724 0.587 0.385 0.719 0.702 0.83
0.692 0.596 0.492 0.211 0.743 0.739
0.74 0.601 0.369 0.698 0.715 0.854
0.684 0.573 0.411 0.748 0.726 0.777
0.685 0.617 0.402 0.171 0.695 0.733
0.688 0.597 0.349 1.0 0.718 0.838
0.718 0.581 0.446 0.955 0.72 0.789
0.686 0.594 0.379 0.704 0.662 0.756
0.708 0.6 0.408 0.63 0.735 0.778
0.676 0.577 0.435 0.833 0.656 0.826
0.681 0.614 0.342 0.744 0.708 0.711
0.722 0.619 0.336 0.753 0.682 0.756
0.695 0.596 0.389 0.438 0.676 0.74
0.745 0.559 0.468 0.239 0.724 0.77
0.679 0.602 0.339 0.808 0.685 0.687
0.701 0.603 0.394 0.778 0.726 0.863
0.682 0.596 0.319 0.349 0.668 0.677
0.677 0.606 0.373 0.259 0.727 0.681
0.692 0.614 0.355 0.423 0.721 0.724
0.701 0.598 0.428 0.325 0.701 0.779
0.703 0.562 0.454 0.517 0.667 0.688
0.715 0.631 0.376 0.416 0.691 0.77
0.671 0.565 0.372 0.524 0.692 0.848
0.686 0.628 0.438 0.346 0.711 0.793
0.71 0.591 0.474 0.909 0.697 0.802
0.712 0.603 0.389 0.223 0.729 0.629
0.682 0.61 0.42 0.6 0.756 0.767
0.698 0.569 0.366 0.619 0.703 0.763
0.716 0.606 0.375 0.606 0.683 0.793
0.704 0.647 0.464 0.183 0.8 0.725
0.696 0.534 0.432 0.716 0.67 0.744
0.682 0.606 0.385 0.908 0.649 0.778
0.706 0.596 0.387 0.441 0.736 0.799
0.714 0.583 0.403 0.71 0.624 0.837
0.694 0.589 0.484 0.346 0.652 0.763
0.685 0.618 0.446 0.585 0.752 0.853
0.699 0.575 0.41 0.436 0.686 0.782
0.69 0.567 0.413 0.613 0.722 0.776
0.697 0.617 0.369 0.624 0.672 0.736
0.715 0.575 0.395 0.511 0.722 0.741
0.694 0.591 0.42 0.801 0.629 0.701
0.689 0.598 0.456 0.668 0.662 0.767
0.691 0.617 0.414 0.506 0.703 0.752
0.699 0.592 0.46 0.747 0.704 0.828
0.694 0.604 0.402 0.734 0.706 0.745
0.7 0.589 0.384 0.774 0.756 0.815
0.694 0.625 0.423 0.593 0.7 0.853
0.711 0.591 0.426 0.575 0.674 0.856
0.7 0.586 0.405 0.544 0.746 0.726
0.725 0.592 0.379 0.858 0.741 0.648
0.717 0.602 0.389 0.5 0.706 0.797
0.664 0.601 0.42 0.763 0.639 0.685
0.692 0.61 0.366 0.525 0.644 0.785
0.743 0.617 0.365 0.846 0.7 0.737
0.685 0.602 0.426 0.359 0.666 0.701
0.715 0.585 0.379 0.294 0.695 0.657
0.752 0.599 0.395 0.615 0.674 0.832
0.712 0.609 0.423 0.626 0.715 0.724
0.701 0.63 0.433 0.489 0.689 0.778
0.685 0.587 0.435 0.827 0.731 0.825
0.68 0.603 0.401 0.87 0.686 0.833
0.701 0.639 0.415 0.901 0.756 0.843
0.688 0.582 0.403 0.911 0.677 0.801
0.693 0.571 0.353 0.322 0.662 0.705
0.685 0.623 0.483 0.119 0.686 0.781
0.681 0.604 0.428 0.334 0.643 0.78
0.663 0.586 0.423 0.382 0.711 0.691
0.711 0.603 0.399 0.857 0.685 0.775
0.696 0.602 0.421 0.243 0.672 0.655
0.699 0.624 0.5 0.598 0.627 0.77
0.712 0.613 0.387 0.855 0.686 0.796
0.701 0.614 0.455 0.439 0.692 0.76
0.689 0.621 0.375 0.39 0.693 0.618
0.679 0.582 0.422 0.818 0.681 0.73
0.723 0.613 0.411 0.62 0.68 0.86
0.706 0.588 0.349 0.469 0.725 0.689
0.694 0.575 0.44 0.768 0.721 0.855
0.683 0.606 0.339 0.604 0.715 0.773
0.72 0.598 0.356 0.601 0.67 0.801
0.726 0.589 0.377 0.503 0.706 0.75
0.699 0.611 0.418 0.972 0.665 0.845
0.71 0.614 0.412 0.824 0.654 0.785
0.714 0.586 0.423 0.869 0.724 0.788
0.708 0.582 0.453 0.328 0.656 0.748
0.677 0.646 0.348 0.428 0.717 0.747
0.71 0.632 0.383 0.628 0.632 0.718
0.648 0.59 0.439 0.798 0.667 0.846
0.714 0.615 0.433 0.612 0.685 0.773
0.678 0.599 0.395 0.425 0.709 0.71
0.696 0.614 0.365 0.582 0.667 0.683
0.68 0.589 0.452 0.865 0.684 0.794
0.687 0.564 0.497 0.692 0.665 0.763
0.667 0.56 0.461 0.654 0.763 0.756
0.679 0.589 0.417 0.367 0.695 0.738
0.74 0.634 0.433 0.819 0.711 0.863
0.67 0.573 0.403 0.521 0.692 0.844
0.742 0.601 0.411 0.569 0.71 0.672
0.708 0.635 0.413 0.265 0.687 0.693
0.702 0.61 0.44 0.708 0.69 0.78
0.702 0.611 0.441 0.447 0.759 0.766
0.717 0.601 0.347 0.881 0.731 0.748
0.707 0.591 0.389 0.385 0.661 0.749
0.675 0.579 0.448 0.644 0.664 0.802
0.691 0.583 0.392 0.563 0.672 0.814
0.734 0.609 0.387 0.692 0.676 0.696
0.686 0.607 0.448 0.466 0.703 0.731
0.684 0.62 0.39 0.647 0.653 0.838
0.717 0.582 0.418 0.669 0.681 0.75
0.74 0.645 0.398 0.486 0.652 0.703
0.705 0.591 0.455 0.525 0.725 0.813
0.704 0.586 0.397 0.853 0.716 0.797
0.689 0.615 0.415 0.398 0.641 0.725
0.697 0.606 0.367 0.745 0.671 0.733
0.704 0.609 0.39 0.294 0.665 0.689
0.688 0.599 0.453 0.702 0.682 0.844
0.697 0.579 0.367 0.698 0.73 0.828
0.709 0.591 0.395 0.141 0.674 0.817
0.699 0.589 0.427 0.502 0.716 0.76
0.699 0.603 0.352 0.669 0.716 0.634
0.741 0.579 0.395 0.779 0.725 0.833
0.678 0.605 0.349 0.723 0.742 0.8
0.685 0.602 0.364 0.627 0.676 0.776
0.715 0.596 0.412 0.751 0.704 0.773
0.677 0.567 0.335 0.967 0.742 0.827
0.713 0.632 0.42 0.577 0.708 0.775
0.74 0.566 0.414 0.624 0.703 0.729
0.702 0.571 0.4 0.446 0.701 0.714
0.705 0.615 0.42 0.676 0.707 0.783
0.696 0.596 0.391 0.808 0.681 0.831
0.673 0.586 0.407 0.518 0.702 0.744
0.684 0.613 0.387 0.531 0.698 0.725
0.691 0.579 0.435 0.303 0.704 0.785
0.665 0.605 0.378 0.505 0.693 0.758
0.683 0.624 0.44 0.509 0.705 0.759
0.721 0.633 0.373 0.412 0.689 0.703
0.703 0.576 0.426 0.205 0.721 0.743
0.688 0.596 0.412 0.632 0.701 0.752
0.727 0.567 0.443 0.401 0.745 0.747
0.674 0.593 0.478 0.558 0.774 0.826
0.699 0.572 0.39 1.086 0.692 0.838
0.688 0.571 0.399 0.605 0.701 0.773
0.715 0.61 0.393 0.315 0.674 0.751
0.685 0.597 0.379 0.3 0.718 0.773
0.721 0.561 0.413 0.345 0.743 0.822
0.679 0.589 0.39 0.613 0.744 0.806
0.707 0.568 0.419 0.972 0.691 0.833
0.699 0.586 0.339 0.835 0.708 0.744
0.692 0.588 0.468 0.675 0.713 0.907
0.751 0.619 0.428 0.724 0.713 0.83
0.718 0.616 0.389 0.724 0.695 0.776
0.706 0.642 0.412 0.581 0.711 0.659
0.711 0.61 0.407 0.48 0.692 0.776
0.71 0.558 0.415 0.794 0.696 0.913
0.667 0.553 0.394 0.438 0.682 0.796
0.691 0.578 0.408 0.596 0.67 0.9
0.726 0.598 0.379 0.369 0.719 0.688
0.675 0.587 0.314 0.55 0.659 0.766
0.652 0.575 0.471 0.62 0.757 0.796
0.7 0.596 0.404 0.4 0.668 0.73
0.684 0.564 0.413 0.791 0.686 0.818
0.667 0.602 0.406 0.828 0.723 0.827
0.681 0.629 0.363 0.51 0.659 0.682
0.719 0.564 0.458 0.9 0.672 0.755
0.703 0.559 0.342 0.874 0.658 0.795
0.695 0.593 0.478 0.283 0.686 0.729
0.741 0.594 0.434 0.793 0.7 0.787
0.699 0.633 0.46 0.28 0.691 0.756
0.713 0.599 0.416 0.401 0.683 0.72
0.693 0.611 0.442 0.165 0.72 0.745
0.669 0.608 0.431 0.166 0.703 0.726
0.683 0.597 0.394 0.447 0.729 0.754
0.701 0.616 0.39 0.837 0.683 0.701
0.671 0.607 0.453 0.69 0.707 0.803
0.689 0.598 0.364 0.627 0.685 0.826
0.728 0.598 0.336 0.638 0.694 0.632
0.676 0.597 0.441 0.146 0.707 0.764
0.7 0.58 0.419 0.758 0.725 0.877
0.683 0.579 0.384 1.052 0.744 0.876
0.67 0.606 0.404 0.78 0.659 0.793
0.735 0.615 0.36 0.524 0.705 0.779
0.704 0.582 0.347 0.526 0.728 0.723
0.688 0.638 0.442 0.346 0.698 0.771
0.714 0.606 0.36 0.903 0.705 0.804
0.69 0.607 0.497 0.867 0.71 0.817
0.685 0.579 0.354 0.601 0.681 0.623
0.681 0.577 0.407 0.491 0.683 0.799
0.707 0.605 0.448 0.416 0.668 0.748
0.714 0.614 0.446 0.768 0.64 0.755
0.689 0.59 0.449 0.644 0.723 0.817
0.693 0.584 0.421 0.77 0.71 0.807
0.724 0.601 0.336 0.547 0.677 0.768
0.698 0.613 0.451 0.476 0.656 0.765
0.698 0.632 0.354 0.663 0.724 0.795
0.681 0.608 0.403 0.536 0.783 0.773
0.701 0.645 0.354 0.606 0.708 0.662
0.698 0.617 0.375 0.44 0.691 0.801
0.712 0.611 0.439 0.785 0.738 0.728
0.717 0.562 0.314 0.954 0.645 0.721
0.694 0.646 0.371 1.0 0.695 0.773
0.665 0.582 0.437 0.401 0.709 0.712
0.671 0.61 0.377 0.512 0.695 0.771
0.698 0.633 0.39 0.447 0.706 0.709
0.688 0.602 0.471 0.73 0.759 0.756
0.7 0.607 0.347 0.553 0.722 0.712
0.716 0.593 0.405 0.533 0.691 0.791
0.722 0.614 0.409 0.423 0.689 0.741
0.714 0.595 0.407 0.515 0.706 0.719
0.683 0.615 0.372 0.668 0.698 0.841
0.723 0.627 0.37 0.723 0.692 0.79
0.663 0.585 0.358 0.559 0.725 0.757
0.69 0.597 0.379 0.728 0.665 0.855
0.714 0.577 0.359 0.802 0.71 0.748
0.668 0.576 0.321 0.643 0.684 0.72
0.754 0.609 0.358 0.258 0.659 0.7
0.669 0.612 0.43 0.745 0.675 0.78
0.683 0.609 0.338 0.364 0.687 0.708
0.723 0.641 0.366 0.371 0.707 0.815
0.704 0.604 0.387 0.959 0.734 0.845
0.713 0.628 0.424 1.144 0.704 0.853
0.696 0.606 0.438 0.901 0.696 0.748
0.688 0.572 0.37 0.653 0.663 0.81
0.717 0.6 0.464 0.504 0.773 0.778
0.673 0.598 0.395 0.558 0.64 0.763
0.694 0.628 0.409 0.387 0.674 0.703
0.683 0.6 0.354 1.125 0.72 0.8
0.708 0.576 0.395 0.404 0.688 0.712
0.746 0.576 0.398 0.522 0.669 0.755
0.722 0.609 0.389 0.599 0.703 0.747
0.717 0.621 0.373 0.89 0.662 0.785
0.706 0.61 0.403 0.383 0.687 0.796
0.679 0.61 0.423 0.54 0.738 0.802
0.673 0.616 0.411 0.634 0.722 0.83
0.739 0.597 0.409 0.833 0.655 0.806
0.7 0.609 0.4 0.727 0.715 0.756
0.715 0.619 0.411 0.458 0.752 0.76
0.704 0.601 0.468 0.365 0.64 0.69
0.682 0.575 0.429 0.611 0.652 0.745
0.691 0.596 0.32 0.613 0.698 0.771
0.715 0.604 0.403 0.77 0.657 0.744
0.703 0.589 0.374 0.28 0.708 0.707
0.711 0.597 0.391 0.827 0.694 0.929
0.71 0.623 0.402 0.634 0.686 0.861
0.714 0.606 0.368 0.811 0.716 0.885
0.669 0.565 0.339 0.726 0.674 0.718
0.712 0.58 0.376 0.643 0.657 0.817
0.717 0.608 0.449 0.487 0.736 0.778
0.663 0.575 0.351 0.918 0.75 0.802
0.683 0.597 0.393 0.856 0.701 0.773
0.728 0.621 0.371 0.777 0.728 0.715
0.685 0.602 0.323 0.765 0.722 0.811
0.675 0.599 0.475 0.54 0.702 0.873
0.63 0.599 0.4 0.515 0.718 0.754
0.679 0.594 0.391 0.841 0.707 0.663
0.716 0.595 0.407 0.639 0.698 0.728
0.686 0.591 0.446 0.742 0.725 0.768
0.697 0.618 0.452 0.877 0.7 0.783
0.712 0.59 0.453 0.819 0.664 0.849
0.709 0.589 0.438 0.709 0.716 0.842
0.689 0.603 0.389 0.62 0.693 0.772
0.711 0.599 0.435 0.527 0.748 0.745
0.705 0.6 0.399 0.309 0.642 0.711
0.685 0.575 0.363 0.672 0.705 0.738
0.682 0.614 0.396 0.799 0.683 0.777
0.688 0.598 0.414 0.62 0.679 0.791
0.702 0.597 0.379 0.776 0.685 0.752
0.686 0.596 0.377 0.88 0.74 0.723
0.688 0.582 0.44 0.611 0.681 0.767
0.678 0.568 0.416 0.807 0.697 0.829
0.68 0.598 0.346 0.836 0.747 0.796
0.666 0.621 0.414 0.843 0.777 0.832
0.678 0.629 0.412 0.874 0.702 0.734
0.693 0.588 0.357 0.502 0.751 0.76
0.723 0.597 0.416 0.457 0.679 0.778
0.685 0.634 0.418 0.349 0.729 0.779
0.66 0.597 0.406 0.553 0.691 0.713
0.709 0.632 0.386 0.797 0.714 0.846
0.718 0.608 0.478 0.546 0.741 0.861
0.702 0.597 0.463 0.612 0.704 0.865
0.67 0.576 0.386 0.426 0.711 0.807
0.718 0.573 0.412 0.531 0.739 0.779
0.73 0.609 0.469 0.97 0.73 0.761
0.687 0.625 0.404 0.829 0.713 0.714
0.713 0.622 0.351 0.397 0.755 0.742
0.703 0.619 0.401 0.132 0.699 0.757
0.743 0.606 0.368 0.656 0.721 0.774
0.695 0.58 0.419 0.856 0.699 0.789
0.686 0.625 0.34 0.663 0.706 0.626
0.695 0.633 0.428 0.73 0.759 0.8
0.699 0.602 0.359 0.627 0.673 0.736
0.728 0.598 0.425 0.665 0.693 0.804
0.708 0.589 0.426 0.649 0.705 0.758
0.674 0.551 0.424 0.347 0.695 0.712
0.7 0.637 0.337 0.394 0.679 0.658
0.703 0.606 0.345 0.79 0.67 0.66
0.695 0.593 0.442 0.809 0.71 0.852
0.712 0.586 0.386 0.672 0.729 0.732
0.709 0.619 0.393 0.341 0.757 0.685
0.662 0.62 0.425 0.486 0.747 0.792
0.691 0.627 0.463 0.833 0.695 0.82
0.693 0.618 0.396 0.683 0.722 0.766
0.662 0.595 0.405 0.458 0.699 0.708
0.695 0.581 0.353 0.685 0.662 0.717
0.696 0.598 0.487 0.782 0.706 0.811
0.669 0.625 0.426 0.455 0.71 0.826
0.701 0.575 0.421 1.174 0.689 0.807
0.675 0.616 0.424 0.376 0.744 0.691
0.689 0.626 0.414 0.712 0.727 0.81
0.684 0.592 0.423 0.767 0.724 0.826
0.673 0.59 0.423 0.374 0.646 0.688
0.718 0.567 0.423 0.495 0.74 0.822
0.733 0.627 0.398 0.87 0.693 0.835
0.694 0.605 0.393 0.651 0.749 0.676
0.691 0.568 0.427 0.454 0.654 0.757
0.68 0.578 0.436 0.646 0.655 0.653
0.671 0.597 0.417 0.559 0.694 0.76
0.703 0.611 0.436 0.833 0.687 0.777
0.672 0.627 0.482 0.6 0.702 0.814
0.71 0.601 0.417 0.569 0.705 0.705
0.715 0.597 0.401 0.408 0.652 0.75
0.712 0.572 0.373 0.686 0.654 0.652
0.702 0.645 0.432 0.439 0.686 0.756
0.692 0.594 0.363 0.551 0.725 0.791
0.68 0.57 0.365 0.672 0.724 0.81
0.679 0.574 0.427 0.374 0.694 0.672
0.692 0.566 0.454 0.349 0.714 0.848
0.708 0.616 0.379 0.887 0.682 0.838
0.682 0.615 0.375 0.578 0.746 0.709
0.681 0.571 0.405 0.595 0.664 0.688
0.708 0.595 0.502 0.477 0.687 0.756
0.704 0.594 0.379 0.478 0.727 0.802
0.703 0.636 0.437 0.489 0.703 0.755
0.731 0.572 0.373 0.727 0.688 0.721
0.698 0.585 0.462 0.778 0.621 0.812
0.676 0.615 0.437 0.352 0.677 0.792
0.68 0.661 0.379 0.981 0.695 0.758
0.729 0.575 0.377 0.804 0.72 0.793
0.667 0.59 0.37 0.638 0.661 0.726
0.684 0.607 0.369 0.628 0.672 0.73
0.725 0.61 0.382 0.61 0.679 0.692
0.728 0.624 0.392 0.527 0.734 0.767
0.705 0.571 0.364 0.727 0.711 0.841
0.725 0.626 0.405 0.391 0.649 0.755
0.701 0.617 0.451 0.284 0.704 0.694
0.732 0.607 0.369 0.862 0.68 0.891
0.729 0.612 0.346 0.196 0.678 0.625
0.721 0.645 0.363 0.552 0.678 0.683
0.676 0.567 0.39 0.645 0.631 0.69
0.691 0.617 0.389 0.536 0.752 0.702
0.704 0.616 0.353 0.321 0.659 0.706
0.709 0.609 0.395 0.858 0.655 0.838
0.71 0.595 0.435 0.394 0.696 0.717
0.727 0.601 0.476 0.855 0.749 0.828
0.694 0.596 0.44 0.318 0.699 0.706
0.692 0.576 0.418 0.452 0.735 0.789
0.684 0.57 0.322 0.939 0.665 0.749
0.686 0.634 0.379 0.792 0.702 0.759
0.681 0.615 0.393 0.603 0.73 0.793
0.724 0.554 0.373 0.406 0.698 0.788
0.699 0.625 0.36 0.283 0.677 0.68
0.714 0.564 0.406 0.713 0.634 0.791
0.686 0.599 0.426 0.525 0.728 0.681
0.707 0.595 0.375 0.417 0.71 0.755
0.674 0.61 0.302 0.39 0.68 0.616
0.713 0.6 0.421 0.654 0.665 0.731
0.682 0.596 0.41 0.261 0.707 0.701
0.713 0.59 0.398 0.347 0.662 0.695
0.67 0.623 0.386 0.51 0.633 0.715
0.676 0.604 0.366 0.449 0.73 0.738
0.672 0.636 0.423 0.916 0.751 0.795
0.748 0.601 0.378 0.371 0.708 0.739
0.663 0.543 0.387 1.047 0.688 0.856
0.7 0.623 0.399 0.461 0.672 0.711
0.707 0.587 0.43 0.6 0.715 0.852
0.708 0.594 0.399 0.823 0.705 0.775
0.721 0.623 0.402 0.685 0.712 0.919
0.674 0.566 0.372 0.496 0.66 0.811
0.688 0.606 0.327 0.678 0.693 0.738
0.687 0.572 0.364 0.826 0.701 0.688
0.693 0.624 0.462 0.471 0.715 0.836
0.738 0.627 0.439 0.545 0.7 0.744
0.711 0.613 0.496 0.33 0.667 0.721
0.651 0.594 0.397 0.68 0.697 0.782
0.686 0.591 0.37 0.777 0.747 0.798
0.705 0.591 0.349 0.643 0.714 0.757
0.694 0.601 0.455 0.633 0.677 0.802
0.682 0.609 0.398 0.822 0.648 0.833
0.706 0.61 0.406 0.646 0.728 0.727
0.647 0.608 0.461 0.533 0.66 0.737
0.678 0.621 0.404 0.611 0.667 0.773
0.68 0.588 0.362 0.61 0.665 0.762
0.712 0.642 0.43 0.568 0.73 0.75
0.702 0.606 0.363 0.562 0.708 0.738
0.696 0.614 0.403 0.97 0.672 0.766
0.668 0.637 0.37 0.475 0.705 0.746
0.693 0.607 0.393 0.685 0.669 0.912
0.725 0.561 0.358 0.621 0.662 0.704
0.73 0.607 0.404 0.507 0.728 0.754
0.707 0.579 0.374 0.487 0.738 0.785
0.702 0.616 0.357 0.539 0.711 0.744
0.66 0.591 0.437 0.38 0.701 0.757
0.709 0.561 0.444 0.567 0.664 0.737
0.689 0.588 0.426 0.105 0.707 0.687
0.716 0.559 0.431 0.621 0.714 0.788
0.713 0.612 0.351 0.838 0.675 0.738
0.689 0.591 0.416 0.633 0.717 0.722
0.708 0.605 0.386 0.926 0.731 0.745
0.676 0.558 0.353 0.671 0.665 0.716
0.678 0.593 0.395 0.809 0.73 0.703
0.691 0.599 0.404 0.883 0.762 0.767
0.697 0.574 0.324 0.831 0.706 0.814
0.695 0.601 0.363 0.565 0.691 0.704
0.7 0.572 0.358 0.487 0.681 0.621
0.688 0.572 0.444 0.787 0.732 0.75
0.728 0.615 0.325 0.673 0.706 0.725
0.696 0.602 0.404 0.475 0.657 0.666
0.673 0.601 0.403 0.583 0.74 0.769
0.686 0.623 0.44 0.621 0.669 0.79
0.701 0.589 0.44 0.572 0.765 0.856
0.717 0.608 0.41 0.546 0.69 0.852
0.698 0.637 0.422 0.721 0.688 0.786
0.69 0.636 0.369 0.607 0.688 0.724
0.69 0.597 0.461 0.694 0.648 0.785
0.705 0.612 0.378 0.299 0.706 0.77
0.693 0.596 0.427 0.563 0.741 0.727
0.729 0.605 0.415 0.606 0.7 0.738
0.703 0.595 0.449 0.418 0.669 0.766
0.745 0.59 0.377 0.606 0.685 0.767
0.702 0.588 0.344 0.913 0.624 0.723
0.677 0.623 0.386 0.737 0.726 0.84
0.719 0.592 0.402 0.37 0.671 0.798
0.668 0.612 0.355 0.597 0.749 0.761
0.717 0.596 0.346 0.546 0.711 0.73
0.694 0.585 0.336 0.754 0.704 0.738
0.712 0.605 0.413 0.276 0.66 0.785
0.683 0.567 0.348 0.975 0.717 0.804
0.682 0.602 0.44 0.508 0.749 0.801
0.721 0.577 0.374 0.78 0.647 0.835
0.717 0.6 0.38 0.945 0.746 0.739
0.69 0.617 0.377 0.868 0.653 0.806
0.72 0.597 0.464 0.351 0.669 0.795
0.719 0.636 0.337 0.768 0.652 0.728
0.682 0.574 0.361 0.635 0.662 0.746
0.692 0.609 0.419 0.807 0.672 0.755
0.681 0.595 0.4 0.211 0.764 0.748
0.704 0.586 0.411 0.419 0.67 0.724
0.698 0.591 0.395 0.525 0.614 0.712
0.725 0.582 0.399 0.588 0.697 0.734
0.67 0.604 0.424 1.034 0.651 0.813
0.681 0.602 0.359 0.414 0.648 0.606
0.703 0.606 0.34 0.472 0.661 0.773
0.699 0.587 0.421 0.566 0.649 0.683
0.713 0.601 0.476 0.63 0.71 0.862
0.671 0.585 0.397 0.473 0.693 0.786
0.695 0.606 0.39 0.541 0.679 0.745
0.697 0.607 0.436 0.693 0.7 0.762
0.709 0.575 0.377 0.61 0.679 0.719
0.704 0.589 0.449 0.937 0.692 0.809
0.695 0.61 0.393 0.523 0.754 0.732
0.732 0.579 0.391 0.488 0.696 0.627
0.757 0.607 0.356 0.521 0.721 0.812
0.653 0.634 0.426 0.672 0.746 0.895
0.719 0.573 0.418 0.29 0.721 0.828
0.745 0.6 0.398 0.558 0.713 0.868
0.689 0.605 0.392 0.703 0.731 0.733
0.706 0.584 0.462 0.76 0.697 0.846
0.699 0.602 0.389 0.532 0.717 0.78
0.713 0.553 0.368 0.276 0.702 0.736
0.672 0.612 0.305 0.551 0.699 0.756
0.721 0.602 0.343 0.869 0.714 0.828
0.71 0.613 0.353 0.963 0.711 0.797
0.742 0.601 0.313 0.769 0.693 0.781
0.697 0.628 0.385 0.565 0.766 0.748
0.703 0.657 0.386 0.772 0.703 0.763
0.692 0.599 0.466 0.424 0.732 0.812
0.768 0.582 0.398 0.507 0.681 0.735
0.686 0.573 0.418 0.507 0.715 0.773
0.733 0.576 0.394 0.873 0.68 0.731
0.707 0.585 0.365 0.38 0.736 0.745
0.695 0.595 0.443 0.369 0.684 0.7
0.657 0.624 0.419 0.444 0.717 0.813
0.642 0.625 0.366 0.633 0.767 0.804
0.722 0.605 0.463 0.564 0.738 0.818
0.698 0.606 0.397 0.614 0.668 0.821
0.704 0.579 0.4 0.403 0.665 0.679
0.679 0.587 0.439 0.492 0.727 0.822
0.684 0.624 0.446 0.567 0.687 0.737
0.696 0.599 0.455 0.294 0.644 0.739
0.699 0.618 0.365 0.353 0.69 0.716
0.722 0.617 0.362 0.543 0.693 0.779
0.731 0.603 0.349 0.345 0.714 0.731
0.7 0.579 0.378 0.607 0.681 0.741
0.708 0.59 0.466 0.427 0.752 0.792
0.73 0.598 0.388 0.503 0.717 0.768
0.663 0.593 0.402 0.744 0.686 0.838
0.676 0.609 0.373 0.607 0.701 0.752
0.705 0.605 0.404 0.466 0.684 0.819
0.69 0.637 0.466 0.303 0.686 0.774
0.677 0.621 0.461 0.841 0.722 0.788
0.704 0.62 0.39 0.834 0.725 0.846
0.732 0.584 0.421 0.777 0.69 0.711
0.729 0.63 0.38 0.523 0.688 0.748
0.698 0.588 0.385 0.54 0.723 0.821
0.724 0.621 0.443 0.698 0.764 0.839
0.707 0.615 0.472 0.186 0.743 0.801
0.697 0.606 0.434 0.772 0.702 0.844
0.705 0.602 0.341 0.706 0.746 0.773
0.705 0.622 0.349 1.031 0.749 0.822
0.692 0.619 0.397 0.401 0.756 0.65
0.689 0.583 0.422 0.699 0.76 0.725
0.664 0.609 0.348 0.439 0.692 0.753
0.709 0.581 0.485 0.708 0.664 0.817
0.729 0.588 0.432 0.389 0.715 0.769
0.687 0.577 0.382 0.771 0.685 0.749
0.667 0.615 0.39 0.658 0.701 0.755
0.694 0.583 0.408 0.489 0.747 0.682
0.725 0.61 0.452 0.764 0.664 0.798
0.686 0.595 0.443 0.593 0.653 0.698
0.737 0.581 0.433 0.803 0.684 0.745
0.694 0.593 0.405 0.519 0.751 0.757
0.67 0.603 0.377 0.513 0.734 0.67
0.717 0.608 0.396 0.579 0.681 0.736
0.7 0.587 0.4 0.783 0.738 0.808
0.719 0.583 0.377 0.477 0.704 0.677
0.695 0.599 0.404 0.938 0.731 0.755
0.699 0.594 0.436 0.651 0.696 0.724
0.706 0.607 0.319 0.787 0.658 0.738
0.721 0.582 0.417 0.634 0.703 0.874
0.737 0.61 0.39 0.81 0.699 0.695
0.733 0.628 0.443 0.19 0.763 0.714
0.677 0.57 0.384 0.299 0.613 0.722
0.704 0.618 0.423 0.519 0.712 0.762
0.719 0.581 0.37 0.957 0.734 0.786
0.729 0.595 0.367 0.459 0.7 0.738
0.712 0.623 0.359 0.623 0.713 0.736
0.72 0.589 0.414 0.372 0.695 0.739
0.674 0.604 0.408 0.701 0.671 0.686
0.691 0.586 0.445 0.599 0.754 0.75
0.701 0.622 0.418 0.823 0.701 0.853
0.674 0.601 0.396 0.61 0.71 0.749
0.709 0.615 0.326 0.612 0.701 0.771
0.688 0.587 0.39 0.618 0.737 0.737
0.694 0.634 0.42 0.284 0.671 0.721
0.664 0.608 0.38 1.01 0.696 0.813
0.688 0.634 0.48 0.719 0.744 0.899
0.682 0.594 0.423 0.164 0.677 0.654
0.739 0.61 0.406 0.473 0.716 0.848
0.661 0.58 0.484 0.54 0.707 0.843
0.722 0.605 0.379 0.655 0.703 0.738
0.702 0.614 0.411 0.495 0.686 0.749
0.712 0.616 0.387 0.364 0.68 0.745
0.711 0.616 0.487 0.666 0.76 0.853
0.703 0.574 0.385 0.622 0.691 0.744
0.647 0.574 0.417 0.5 0.731 0.772
0.683 0.624 0.445 0.561 0.696 0.799
0.705 0.591 0.429 0.649 0.712 0.817
0.714 0.595 0.404 0.731 0.665 0.777
0.689 0.586 0.385 0.396 0.701 0.705
0.695 0.637 0.408 0.431 0.71 0.714
0.712 0.581 0.344 0.95 0.718 0.826
0.683 0.597 0.464 0.685 0.704 0.784
0.719 0.623 0.43 0.97 0.651 0.726
0.709 0.604 0.336 0.683 0.685 0.683
0.696 0.584 0.405 0.645 0.698 0.72
0.699 0.623 0.438 0.64 0.729 0.847
0.698 0.579 0.308 0.95 0.673 0.779
0.724 0.585 0.47 0.36 0.719 0.698
0.72 0.573 0.401 0.356 0.706 0.697
0.703 0.614 0.428 0.467 0.671 0.865
0.706 0.619 0.414 0.782 0.734 0.785
0.7 0.569 0.453 0.868 0.728 0.816
0.716 0.62 0.434 0.429 0.706 0.789
0.705 0.565 0.368 0.518 0.667 0.682
0.71 0.575 0.408 0.65 0.662 0.741
0.714 0.6 0.38 0.49 0.669 0.747
0.706 0.605 0.447 0.502 0.669 0.656
0.705 0.597 0.373 0.77 0.733 0.71
0.686 0.598 0.36 0.555 0.721 0.754
0.691 0.585 0.402 0.5 0.711 0.758
0.719 0.606 0.3 0.734 0.683 0.756
0.719 0.571 0.421 0.755 0.689 0.765
0.712 0.586 0.412 0.71 0.751 0.747
0.681 0.642 0.352 0.701 0.713 0.73
0.749 0.586 0.413 0.432 0.596 0.704
0.713 0.606 0.393 0.883 0.705 0.897
0.695 0.596 0.396 0.492 0.669 0.678
0.713 0.629 0.392 0.723 0.734 0.783
0.678 0.617 0.386 0.618 0.722 0.779
0.755 0.633 0.331 0.366 0.729 0.781
0.707 0.569 0.326 0.927 0.721 0.774
0.671 0.613 0.418 0.588 0.665 0.688
0.709 0.598 0.414 0.493 0.726 0.736
0.648 0.589 0.43 0.842 0.715 0.801
0.67 0.595 0.424 0.777 0.748 0.866
0.701 0.564 0.399 0.811 0.704 0.811
0.693 0.578 0.414 0.712 0.778 0.79
0.711 0.558 0.399 0.503 0.717 0.715
0.708 0.574 0.418 0.833 0.664 0.846
0.711 0.583 0.402 0.822 0.692 0.845
0.684 0.591 0.404 0.247 0.716 0.698
0.651 0.596 0.381 0.409 0.716 0.736
0.725 0.594 0.382 0.356 0.689 0.684
0.689 0.623 0.354 0.506 0.761 0.643
0.744 0.607 0.413 0.737 0.707 0.795
0.663 0.614 0.413 0.687 0.698 0.812
0.711 0.614 0.352 0.425 0.68 0.79
0.685 0.592 0.413 0.553 0.71 0.783
0.692 0.618 0.363 0.378 0.655 0.768
0.705 0.602 0.364 0.568 0.766 0.728
0.68 0.555 0.428 0.496 0.741 0.749
0.707 0.579 0.422 0.696 0.641 0.793
0.713 0.599 0.365 0.284 0.7 0.605
0.681 0.6 0.403 0.748 0.664 0.741
0.674 0.569 0.382 0.568 0.738 0.833
0.722 0.607 0.395 0.761 0.654 0.75
0.678 0.572 0.432 0.325 0.645 0.717
0.714 0.582 0.413 0.815 0.755 0.843
0.711 0.605 0.377 0.632 0.657 0.825
0.715 0.577 0.397 0.672 0.791 0.709
0.685 0.582 0.441 0.984 0.693 0.719
0.707 0.607 0.476 0.703 0.689 0.835
0.723 0.596 0.42 0.845 0.73 0.913
0.69 0.631 0.359 0.804 0.722 0.814
0.685 0.618 0.387 1.02 0.697 0.764
0.732 0.622 0.387 0.531 0.692 0.686
0.671 0.596 0.448 0.59 0.72 0.761
0.693 0.576 0.347 0.534 0.704 0.735
0.687 0.565 0.417 0.88 0.7 0.845
0.708 0.591 0.362 0.617 0.702 0.703
0.688 0.591 0.395 0.857 0.66 0.815
0.738 0.595 0.391 0.648 0.682 0.724
0.722 0.606 0.374 0.614 0.762 0.807
0.705 0.586 0.38 0.269 0.749 0.696
0.687 0.624 0.392 0.502 0.686 0.753
0.732 0.613 0.449 0.407 0.685 0.774
0.69 0.585 0.385 0.56 0.702 0.707
0.71 0.603 0.395 0.509 0.776 0.659
0.685 0.593 0.4 0.535 0.69 0.841
0.666 0.565 0.445 0.604 0.712 0.771
0.678 0.606 0.399 0.745 0.729 0.773
0.689 0.557 0.437 0.749 0.726 0.816
0.679 0.623 0.389 0.497 0.646 0.706
0.692 0.626 0.384 0.555 0.707 0.778
0.7 0.569 0.401 0.099 0.761 0.716
0.702 0.638 0.467 0.62 0.641 0.668
0.68 0.599 0.396 0.666 0.742 0.791
0.687 0.566 0.406 0.635 0.721 0.778
0.686 0.589 0.518 0.619 0.669 0.749
0.685 0.578 0.366 0.562 0.676 0.802
0.714 0.577 0.358 0.138 0.678 0.633
0.72 0.616 0.399 0.71 0.66 0.835
0.74 0.612 0.427 0.385 0.708 0.725
0.705 0.599 0.436 0.346 0.684 0.791
0.736 0.561 0.468 0.716 0.671 0.849
0.721 0.6 0.378 0.777 0.712 0.844
0.724 0.608 0.379 0.405 0.719 0.721
0.701 0.601 0.408 0.94 0.705 0.726
0.687 0.605 0.426 0.925 0.68 0.793
0.689 0.583 0.419 0.574 0.748 0.841
0.672 0.6 0.436 0.304 0.694 0.654
0.696 0.582 0.42 0.326 0.692 0.748
0.735 0.595 0.423 0.671 0.694 0.742
0.677 0.569 0.438 0.506 0.71 0.741
0.725 0.585 0.459 0.757 0.673 0.781
0.725 0.593 0.383 0.856 0.681 0.81
0.647 0.567 0.395 0.526 0.71 0.738
0.705 0.589 0.418 0.508 0.698 0.751
0.705 0.622 0.417 0.55 0.733 0.792
0.689 0.638 0.384 0.534 0.64 0.769
0.693 0.603 0.387 0.623 0.714 0.75
0.721 0.632 0.315 0.789 0.7 0.816
0.667 0.627 0.368 0.476 0.695 0.737
0.665 0.583 0.433 0.8 0.695 0.744
0.718 0.598 0.426 0.859 0.72 0.853
0.729 0.623 0.392 0.508 0.696 0.722
0.753 0.589 0.437 0.81 0.702 0.827
0.686 0.622 0.375 0.652 0.659 0.773
0.662 0.592 0.359 0.937 0.693 0.805
0.735 0.573 0.437 0.552 0.645 0.682
0.693 0.625 0.299 0.813 0.716 0.83
0.664 0.598 0.325 0.459 0.683 0.785
0.71 0.579 0.396 0.632 0.69 0.725
0.693 0.603 0.38 0.518 0.644 0.665
0.719 0.586 0.416 0.677 0.709 0.811
0.719 0.625 0.386 0.684 0.698 0.718
0.689 0.612 0.384 0.505 0.713 0.783
0.666 0.573 0.416 0.571 0.689 0.618
0.69 0.6 0.356 0.483 0.751 0.754
0.681 0.589 0.392 0.195 0.708 0.776
0.674 0.609 0.336 0.334 0.725 0.751
0.7 0.57 0.436 0.546 0.699 0.81
0.699 0.593 0.353 0.669 0.758 0.766
0.709 0.595 0.405 0.754 0.68 0.865
0.686 0.596 0.323 0.388 0.715 0.715
0.679 0.571 0.386 0.425 0.712 0.819
0.656 0.62 0.411 0.853 0.706 0.776
0.709 0.57 0.381 0.691 0.679 0.749
0.701 0.583 0.409 0.392 0.698 0.729
0.675 0.6 0.419 0.708 0.73 0.862
0.679 0.632 0.34 0.547 0.778 0.657
0.709 0.606 0.428 0.775 0.681 0.792
0.68 0.575 0.427 1.146 0.633 0.781
0.714 0.592 0.337 0.371 0.729 0.739
0.704 0.562 0.442 0.255 0.707 0.702
0.679 0.6 0.411 0.531 0.653 0.715
0.718 0.599 0.366 0.51 0.711 0.721
0.693 0.577 0.411 0.643 0.726 0.737
0.695 0.57 0.406 0.714 0.686 0.766
0.694 0.61 0.404 0.757 0.694 0.782
0.7 0.619 0.374 0.814 0.712 0.827
0.737 0.621 0.378 0.788 0.675 0.793
0.713 0.588 0.42 0.567 0.704 0.764
0.706 0.613 0.456 0.427 0.764 0.711
0.704 0.593 0.392 0.48 0.685 0.756
0.662 0.586 0.434 0.616 0.669 0.703
0.739 0.598 0.411 0.713 0.73 0.734
0.75 0.598 0.447 0.81 0.73 0.899
0.684 0.647 0.321 0.871 0.709 0.757
0.706 0.617 0.364 0.794 0.65 0.802
0.689 0.627 0.383 0.132 0.741 0.746
0.691 0.638 0.353 1.091 0.668 0.831
0.733 0.619 0.374 0.808 0.691 0.779
0.705 0.596 0.34 0.926 0.728 0.792
0.685 0.621 0.431 0.779 0.699 0.718
0.691 0.585 0.402 0.796 0.686 0.788
0.654 0.615 0.388 0.544 0.685 0.777
0.683 0.594 0.375 0.405 0.693 0.651
0.67 0.592 0.466 0.691 0.678 0.826
0.708 0.601 0.289 0.835 0.682 0.746
0.664 0.586 0.404 0.742 0.646 0.699
0.69 0.614 0.395 0.899 0.69 0.811
0.699 0.602 0.402 0.6 0.729 0.775
0.692 0.59 0.397 0.429 0.733 0.738
0.688 0.588 0.359 0.669 0.718 0.755
0.701 0.59 0.413 0.606 0.649 0.727
0.697 0.617 0.377 0.806 0.733 0.856
0.681 0.603 0.43 0.567 0.714 0.821
0.704 0.567 0.39 0.524 0.628 0.76
0.694 0.567 0.368 0.835 0.71 0.782
0.673 0.58 0.482 0.87 0.667 0.778
0.714 0.624 0.463 0.663 0.689 0.814
0.701 0.631 0.452 0.518 0.69 0.735
0.668 0.608 0.412 0.424 0.675 0.756
0.718 0.592 0.45 0.738 0.653 0.848
0.698 0.612 0.443 0.754 0.744 0.928
0.721 0.604 0.435 0.821 0.696 0.705
0.699 0.593 0.375 0.425 0.734 0.794
0.689 0.606 0.405 0.564 0.692 0.751
0.689 0.619 0.393 0.689 0.711 0.717
0.682 0.589 0.422 0.584 0.666 0.837
0.691 0.567 0.417 0.384 0.758 0.765
0.7 0.615 0.5 0.447 0.709 0.798
0.731 0.61 0.43 0.334 0.667 0.804
0.67 0.599 0.483 0.443 0.713 0.904
0.684 0.603 0.418 0.461 0.662 0.68
0.713 0.618 0.413 0.605 0.657 0.734
0.693 0.577 0.416 0.777 0.725 0.841
0.692 0.583 0.411 0.375 0.715 0.704
0.703 0.601 0.386 0.509 0.764 0.814
0.694 0.611 0.397 0.768 0.679 0.761
0.73 0.608 0.386 0.591 0.688 0.738
0.689 0.589 0.355 0.594 0.733 0.672
0.694 0.58 0.461 0.501 0.681 0.711
0.704 0.614 0.393 0.657 0.677 0.783
0.713 0.613 0.41 0.726 0.718 0.828
0.691 0.653 0.385 0.772 0.655 0.766
0.696 0.619 0.426 0.637 0.685 0.877
0.68 0.572 0.362 0.361 0.644 0.611
0.683 0.605 0.457 0.822 0.667 0.776
0.726 0.574 0.401 0.596 0.672 0.825
0.699 0.564 0.348 0.597 0.698 0.707
0.706 0.602 0.39 0.77 0.675 0.797
0.745 0.578 0.397 0.478 0.738 0.813
0.714 0.593 0.469 0.946 0.729 0.792
0.737 0.642 0.393 0.55 0.738 0.745
0.696 0.606 0.364 0.604 0.73 0.722
0.67 0.597 0.388 0.409 0.721 0.7
0.677 0.582 0.422 0.916 0.727 0.899
0.695 0.627 0.348 0.698 0.742 0.792
0.718 0.598 0.473 0.72 0.753 0.907
0.701 0.592 0.311 0.568 0.662 0.794
0.696 0.612 0.444 0.513 0.71 0.836
0.723 0.622 0.368 0.331 0.698 0.816
0.744 0.606 0.377 0.794 0.675 0.714
0.693 0.614 0.408 0.967 0.689 0.805
0.698 0.628 0.372 0.571 0.698 0.614
0.672 0.595 0.307 0.791 0.692 0.733
0.678 0.608 0.395 0.415 0.745 0.71
0.691 0.632 0.403 0.335 0.695 0.818
0.73 0.637 0.288 0.752 0.755 0.759
0.712 0.604 0.386 0.74 0.678 0.823
0.715 0.604 0.391 0.116 0.66 0.73
0.687 0.598 0.399 0.785 0.684 0.825
0.705 0.566 0.406 0.544 0.767 0.75
0.699 0.589 0.378 0.768 0.698 0.837
0.717 0.579 0.474 0.061 0.641 0.76
0.69 0.593 0.386 0.54 0.714 0.751
0.704 0.6 0.436 0.438 0.743 0.769
0.714 0.63 0.362 0.474 0.665 0.711
0.678 0.583 0.403 0.231 0.703 0.749
0.698 0.588 0.401 0.722 0.715 0.817
0.722 0.553 0.448 0.557 0.723 0.854
0.728 0.582 0.351 0.262 0.694 0.682
0.723 0.58 0.416 0.87 0.752 0.808
0.702 0.58 0.374 0.755 0.741 0.718
0.678 0.639 0.344 0.327 0.683 0.706
0.703 0.614 0.411 0.427 0.733 0.778
0.706 0.617 0.381 0.245 0.716 0.673
0.699 0.597 0.374 0.564 0.684 0.687
0.699 0.634 0.443 0.618 0.726 0.777
0.677 0.588 0.317 0.582 0.684 0.624
0.672 0.618 0.439 0.51 0.726 0.811
0.73 0.609 0.469 0.147 0.658 0.773
0.728 0.633 0.399 0.56 0.688 0.682
0.712 0.581 0.365 0.891 0.712 0.779
0.711 0.598 0.39 0.674 0.731 0.856
0.731 0.611 0.428 0.849 0.662 0.781
0.681 0.595 0.345 0.537 0.714 0.786
0.741 0.613 0.432 0.574 0.682 0.768
0.688 0.612 0.351 0.487 0.773 0.75
0.697 0.619 0.412 0.65 0.7 0.838
0.728 0.555 0.438 0.695 0.689 0.836
0.707 0.572 0.417 0.672 0.706 0.916
0.654 0.581 0.323 0.693 0.689 0.664
0.712 0.569 0.412 0.641 0.677 0.854
0.716 0.559 0.392 0.777 0.673 0.775
0.702 0.605 0.485 0.777 0.705 0.811
0.687 0.622 0.411 0.362 0.666 0.624
0.739 0.61 0.414 0.341 0.727 0.65
0.702 0.538 0.408 0.707 0.685 0.742
0.719 0.613 0.351 0.591 0.696 0.794
0.703 0.597 0.401 0.297 0.686 0.755
0.721 0.596 0.406 0.569 0.708 0.811
0.685 0.619 0.458 0.853 0.685 0.741
0.694 0.605 0.411 0.591 0.65 0.75
0.677 0.632 0.406 0.562 0.701 0.747
0.713 0.608 0.388 0.412 0.695 0.722
0.702 0.631 0.378 0.693 0.693 0.708
0.726 0.61 0.416 0.464 0.686 0.756
0.701 0.6 0.291 0.77 0.665 0.767
0.681 0.606 0.368 0.736 0.668 0.812
0.686 0.581 0.364 0.462 0.735 0.679
0.699 0.613 0.443 0.353 0.732 0.827
0.674 0.582 0.38 0.719 0.736 0.701
0.702 0.606 0.373 0.608 0.664 0.727
0.671 0.595 0.334 0.652 0.67 0.726
0.683 0.577 0.347 0.871 0.701 0.754
0.7 0.6 0.447 0.377 0.655 0.679
0.707 0.597 0.434 0.291 0.696 0.739
0.697 0.575 0.406 0.729 0.681 0.722
0.705 0.571 0.359 0.851 0.671 0.842
0.69 0.595 0.357 0.534 0.67 0.773
0.709 0.587 0.417 0.507 0.712 0.834
0.719 0.607 0.447 0.708 0.731 0.777
0.667 0.615 0.497 0.52 0.742 0.792
0.714 0.635 0.427 0.657 0.698 0.884
0.708 0.56 0.385 0.624 0.668 0.758
0.702 0.564 0.454 0.674 0.729 0.731
0.696 0.572 0.449 0.875 0.717 0.798
0.648 0.611 0.394 0.516 0.747 0.676
0.697 0.637 0.367 0.821 0.684 0.747
0.699 0.61 0.325 0.715 0.687 0.747
0.719 0.625 0.387 0.474 0.685 0.778
0.718 0.586 0.449 0.543 0.716 0.793
0.697 0.559 0.428 0.906 0.715 0.82
0.661 0.581 0.389 0.398 0.738 0.75
0.734 0.564 0.414 0.601 0.693 0.832
0.715 0.616 0.405 0.529 0.729 0.7
0.726 0.625 0.515 0.463 0.689 0.855
0.709 0.612 0.357 0.66 0.691 0.805
0.706 0.592 0.412 0.666 0.711 0.751
0.68 0.59 0.394 0.656 0.73 0.708
0.681 0.54 0.38 0.472 0.732 0.738
0.696 0.613 0.429 0.418 0.722 0.818
0.672 0.613 0.371 0.633 0.724 0.757
0.702 0.586 0.334 0.432 0.676 0.657
0.7 0.598 0.462 0.709 0.668 0.874
0.697 0.59 0.411 0.816 0.624 0.783
0.701 0.636 0.359 0.744 0.678 0.717
0.71 0.615 0.374 0.792 0.715 0.767
0.695 0.622 0.485 0.704 0.701 0.76
0.688 0.568 0.399 0.485 0.728 0.694
0.687 0.584 0.416 0.584 0.681 0.734
0.669 0.604 0.436 0.68 0.73 0.764
0.695 0.586 0.406 0.626 0.704 0.771
0.723 0.577 0.446 0.33 0.722 0.794
0.661 0.604 0.449 0.747 0.728 0.868
0.696 0.589 0.382 0.776 0.724 0.788
0.701 0.576 0.305 0.872 0.72 0.751
0.724 0.587 0.397 0.483 0.674 0.813
0.697 0.583 0.339 0.286 0.715 0.698
0.701 0.6 0.388 0.572 0.754 0.786
0.684 0.579 0.406 0.43 0.65 0.746
0.694 0.609 0.353 0.641 0.745 0.821
0.724 0.627 0.434 0.182 0.745 0.824
0.71 0.559 0.458 0.605 0.716 0.731
0.702 0.578 0.41 0.669 0.665 0.774
0.691 0.614 0.402 0.589 0.683 0.882
0.686 0.603 0.378 0.643 0.734 0.656
0.692 0.595 0.391 0.715 0.68 0.75
0.689 0.597 0.412 0.418 0.653 0.764
0.688 0.612 0.405 0.47 0.712 0.654
0.716 0.585 0.443 0.557 0.729 0.822
0.678 0.59 0.404 0.616 0.704 0.722
0.741 0.6 0.406 0.417 0.666 0.757
0.706 0.624 0.466 0.898 0.708 0.853
0.686 0.609 0.373 0.636 0.65 0.694
0.744 0.594 0.432 0.375 0.693 0.784
0.693 0.589 0.377 0.62 0.74 0.779
0.689 0.579 0.442 0.212 0.679 0.749
0.699 0.597 0.365 0.495 0.719 0.733
0.712 0.566 0.372 0.984 0.698 0.805
0.696 0.62 0.435 0.704 0.691 0.899
0.689 0.613 0.445 0.959 0.629 0.785
0.696 0.589 0.393 0.615 0.702 0.815
0.71 0.631 0.366 0.621 0.696 0.726
0.683 0.616 0.4 0.529 0.657 0.707
0.651 0.59 0.381 0.683 0.717 0.686
0.676 0.599 0.393 0.558 0.732 0.854
0.692 0.568 0.336 0.587 0.73 0.871
0.716 0.604 0.343 0.82 0.74 0.834
0.685 0.603 0.484 0.634 0.726 0.773
0.675 0.619 0.265 0.561 0.679 0.772
0.713 0.595 0.412 0.387 0.73 0.746
0.704 0.571 0.38 0.571 0.663 0.726
0.709 0.572 0.311 1.011 0.683 0.864
0.701 0.615 0.374 0.269 0.725 0.749
0.719 0.597 0.409 0.766 0.704 0.734
0.629 0.597 0.347 0.489 0.672 0.775
0.726 0.635 0.438 0.498 0.664 0.653
0.677 0.616 0.392 0.359 0.668 0.712
0.693 0.581 0.405 0.428 0.719 0.786
0.685 0.644 0.364 0.512 0.644 0.813
0.705 0.622 0.419 0.701 0.713 0.739
0.715 0.593 0.434 0.602 0.712 0.73
0.713 0.644 0.353 0.555 0.688 0.762
0.68 0.616 0.344 0.685 0.701 0.647
0.732 0.579 0.396 0.739 0.703 0.78
0.685 0.618 0.444 0.528 0.661 0.729
0.707 0.584 0.439 0.8 0.655 0.822
0.698 0.577 0.372 0.855 0.767 0.764
0.721 0.591 0.367 0.573 0.68 0.717
0.695 0.615 0.406 0.553 0.729 0.733
0.684 0.65 0.427 0.644 0.682 0.803
0.682 0.567 0.425 0.477 0.674 0.793
0.716 0.619 0.367 0.384 0.73 0.67
0.716 0.583 0.395 0.975 0.732 0.801
0.708 0.593 0.404 0.914 0.73 0.751
0.689 0.615 0.378 0.224 0.636 0.749
0.695 0.598 0.419 0.486 0.686 0.811
0.707 0.565 0.417 0.85 0.695 0.749
0.68 0.637 0.448 0.516 0.682 0.744
0.689 0.617 0.42 0.537 0.688 0.698
0.719 0.613 0.367 0.701 0.705 0.763
0.683 0.581 0.469 0.72 0.69 0.765
0.729 0.618 0.434 0.334 0.703 0.81
0.723 0.599 0.316 0.418 0.684 0.687
0.698 0.595 0.396 0.821 0.725 0.743
0.716 0.595 0.467 0.496 0.684 0.821
0.708 0.609 0.396 0.506 0.68 0.732
0.663 0.609 0.417 0.698 0.675 0.745
0.664 0.607 0.413 0.422 0.704 0.698
0.705 0.614 0.411 0.595 0.641 0.701
0.732 0.592 0.442 1.09 0.685 0.873
0.709 0.582 0.376 0.719 0.7 0.727
0.653 0.608 0.373 0.727 0.737 0.728
0.708 0.625 0.432 0.616 0.688 0.611
0.704 0.596 0.416 0.558 0.687 0.775
0.688 0.594 0.398 1.038 0.756 0.825
0.739 0.619 0.314 0.273 0.668 0.745
0.713 0.591 0.415 0.636 0.721 0.73
0.714 0.583 0.377 0.423 0.661 0.735
0.699 0.629 0.383 0.523 0.694 0.743
0.711 0.587 0.397 0.203 0.701 0.667
0.7 0.587 0.358 0.608 0.695 0.747
0.726 0.608 0.371 0.689 0.708 0.719
0.691 0.583 0.391 0.643 0.723 0.785
0.649 0.594 0.387 0.515 0.713 0.752
0.695 0.645 0.361 0.766 0.71 0.699
0.741 0.595 0.409 1.172 0.692 0.94
0.711 0.601 0.408 0.417 0.683 0.771
0.717 0.572 0.385 0.598 0.686 0.679
0.715 0.554 0.406 0.627 0.666 0.737
0.689 0.607 0.476 0.657 0.702 0.822
0.738 0.633 0.376 0.746 0.699 0.756
0.684 0.609 0.334 0.737 0.72 0.725
0.685 0.589 0.386 0.545 0.679 0.717
0.665 0.561 0.416 0.623 0.675 0.74
0.696 0.604 0.409 0.638 0.728 0.761
0.697 0.633 0.459 0.559 0.707 0.862
0.703 0.597 0.349 0.538 0.69 0.724
0.661 0.569 0.429 0.76 0.701 0.888
0.703 0.624 0.372 0.627 0.69 0.722
0.665 0.581 0.395 0.467 0.755 0.756
0.754 0.591 0.442 0.424 0.678 0.824
0.712 0.594 0.384 0.371 0.674 0.768
0.695 0.597 0.396 0.368 0.721 0.81
0.723 0.601 0.431 0.43 0.726 0.769
0.702 0.607 0.435 0.489 0.687 0.769
0.696 0.582 0.517 0.605 0.658 0.929
0.706 0.596 0.405 0.312 0.729 0.711
0.691 0.575 0.444 0.593 0.696 0.775
0.686 0.636 0.419 0.532 0.678 0.735
0.692 0.589 0.393 0.972 0.713 0.784
0.722 0.597 0.488 0.426 0.691 0.764
0.723 0.639 0.384 0.504 0.661 0.738
0.714 0.608 0.389 0.465 0.701 0.72
0.701 0.61 0.45 0.887 0.672 0.876
0.718 0.597 0.369 0.568 0.731 0.731
0.736 0.578 0.398 0.408 0.734 0.776
0.674 0.62 0.484 0.713 0.679 0.832
0.719 0.603 0.423 0.656 0.76 0.846
0.735 0.615 0.435 0.578 0.671 0.796
0.681 0.582 0.44 0.565 0.706 0.771
0.669 0.611 0.434 0.306 0.711 0.896
0.708 0.644 0.413 1.221 0.701 0.927
0.705 0.608 0.374 0.912 0.699 0.824
0.67 0.564 0.431 0.816 0.735 0.841
0.728 0.568 0.402 0.845 0.681 0.86
0.698 0.567 0.371 0.939 0.694 0.836
0.68 0.597 0.332 0.706 0.705 0.714
0.705 0.597 0.452 0.542 0.685 0.764
0.679 0.606 0.49 0.379 0.69 0.767
0.695 0.603 0.429 0.859 0.705 0.767
0.723 0.614 0.4 0.611 0.672 0.776
0.69 0.604 0.337 0.523 0.795 0.778
0.704 0.609 0.415 0.498 0.686 0.687
0.686 0.605 0.421 0.449 0.679 0.741
0.676 0.619 0.423 0.631 0.712 0.739
0.682 0.608 0.383 0.574 0.681 0.692
0.709 0.626 0.373 0.112 0.72 0.657
0.75 0.595 0.397 0.629 0.723 0.756
0.704 0.589 0.406 0.782 0.705 0.836
0.723 0.61 0.39 0.704 0.687 0.869
0.686 0.629 0.448 0.412 0.635 0.697
0.724 0.599 0.433 0.502 0.741 0.844
0.683 0.603 0.374 0.699 0.687 0.793
0.635 0.598 0.403 0.387 0.685 0.725
0.698 0.603 0.393 0.557 0.719 0.728
0.688 0.598 0.376 0.705 0.727 0.753
0.715 0.611 0.416 0.46 0.719 0.749
0.694 0.597 0.367 0.755 0.701 0.72
0.671 0.569 0.419 0.776 0.706 0.786
0.677 0.618 0.417 0.625 0.667 0.777
0.665 0.627 0.361 0.687 0.711 0.742
0.697 0.616 0.439 0.705 0.69 0.848
0.722 0.583 0.366 0.496 0.665 0.667
0.694 0.598 0.376 0.462 0.723 0.773
0.682 0.603 0.358 0.734 0.685 0.78
0.702 0.59 0.416 0.48 0.721 0.783
0.7 0.578 0.381 0.913 0.714 0.731
0.716 0.564 0.401 0.503 0.698 0.743
0.729 0.611 0.376 0.938 0.698 0.775
0.703 0.597 0.505 0.696 0.707 0.732
0.697 0.574 0.407 0.542 0.72 0.714
0.708 0.586 0.427 0.825 0.728 0.847
0.732 0.593 0.405 0.48 0.674 0.801
0.699 0.632 0.358 0.591 0.672 0.765
0.679 0.602 0.47 0.45 0.727 0.802
0.695 0.582 0.351 0.806 0.73 0.746
0.671 0.613 0.421 0.674 0.741 0.815
0.68 0.614 0.414 0.658 0.727 0.759
0.742 0.601 0.362 0.529 0.71 0.765
0.706 0.651 0.374 0.792 0.686 0.715
0.721 0.591 0.367 0.238 0.686 0.764
0.705 0.561 0.395 0.404 0.703 0.707
0.708 0.606 0.358 1.042 0.759 0.748
0.705 0.593 0.456 0.647 0.69 0.991
0.651 0.564 0.47 0.65 0.657 0.808
0.702 0.566 0.358 0.421 0.719 0.817
0.712 0.589 0.459 0.718 0.708 0.729
0.646 0.587 0.461 0.845 0.739 0.894
0.719 0.602 0.393 0.532 0.686 0.793
0.722 0.642 0.434 0.501 0.728 0.711
0.666 0.57 0.328 0.773 0.663 0.824
0.65 0.607 0.433 0.244 0.704 0.613
0.692 0.606 0.393 0.479 0.748 0.744
0.727 0.598 0.327 0.485 0.717 0.695
0.726 0.637 0.428 0.413 0.667 0.693
0.707 0.613 0.44 0.492 0.678 0.778
0.683 0.613 0.425 1.19 0.652 0.782
0.703 0.58 0.351 0.356 0.728 0.7
0.693 0.59 0.437 0.396 0.691 0.646
0.758 0.575 0.399 0.502 0.701 0.792
0.742 0.624 0.446 0.493 0.7 0.76
0.714 0.609 0.387 1.036 0.674 0.849
0.709 0.61 0.4 0.477 0.684 0.683
0.693 0.592 0.316 0.924 0.654 0.863
0.705 0.632 0.425 0.991 0.719 0.892
0.69 0.638 0.384 0.676 0.737 0.735
0.697 0.595 0.365 0.783 0.683 0.75
0.682 0.625 0.343 0.71 0.702 0.8
0.68 0.602 0.464 0.521 0.677 0.774
0.719 0.612 0.378 0.883 0.733 0.78
0.719 0.59 0.392 0.874 0.661 0.835
0.716 0.599 0.392 0.832 0.735 0.772
0.688 0.592 0.375 0.45 0.699 0.681
0.691 0.606 0.396 0.271 0.667 0.742
0.66 0.571 0.397 0.68 0.676 0.799
0.699 0.619 0.377 0.613 0.756 0.82
0.69 0.639 0.366 0.652 0.733 0.751
0.682 0.552 0.444 0.855 0.677 0.876
0.684 0.638 0.347 0.469 0.708 0.835
0.684 0.598 0.438 0.73 0.701 0.776
0.723 0.625 0.441 0.694 0.745 0.869
0.734 0.598 0.398 0.502 0.673 0.724
0.687 0.595 0.343 0.625 0.688 0.756
0.724 0.619 0.367 0.52 0.661 0.68
0.708 0.593 0.472 0.51 0.72 0.829
0.71 0.578 0.421 0.443 0.662 0.732
0.655 0.581 0.388 0.942 0.697 0.682
0.714 0.59 0.371 0.863 0.732 0.771
0.677 0.611 0.448 0.93 0.71 0.807
0.748 0.579 0.381 0.492 0.691 0.802
0.722 0.563 0.42 0.713 0.704 0.754
0.73 0.576 0.455 0.424 0.707 0.699
0.74 0.583 0.34 0.803 0.716 0.744
0.738 0.579 0.421 0.572 0.795 0.842
0.689 0.592 0.389 0.64 0.692 0.789
0.686 0.607 0.3 0.451 0.705 0.769
0.678 0.613 0.458 0.863 0.722 0.818
0.712 0.657 0.409 0.387 0.714 0.781
0.706 0.59 0.439 0.654 0.735 0.872
0.723 0.612 0.413 0.796 0.729 0.782
0.692 0.623 0.369 0.591 0.695 0.805
0.695 0.614 0.393 0.552 0.693 0.762
0.707 0.598 0.428 0.575 0.698 0.725
0.73 0.588 0.371 1.015 0.696 0.813
0.676 0.62 0.427 0.478 0.672 0.828
0.68 0.631 0.377 0.738 0.606 0.845
0.699 0.619 0.427 0.658 0.703 0.813
0.716 0.606 0.413 0.073 0.724 0.731
0.677 0.581 0.35 0.654 0.69 0.695
0.703 0.598 0.43 0.437 0.663 0.714
0.701 0.606 0.394 1.105 0.751 0.832
0.656 0.61 0.377 0.211 0.678 0.765
0.752 0.591 0.37 0.707 0.719 0.91
0.691 0.589 0.359 0.667 0.681 0.786
0.665 0.591 0.439 0.307 0.671 0.829
0.677 0.622 0.417 0.881 0.69 0.804
0.68 0.6 0.439 0.936 0.77 0.773
0.721 0.612 0.424 0.438 0.69 0.747
0.674 0.57 0.418 0.391 0.761 0.783
0.736 0.612 0.372 0.808 0.686 0.735
0.718 0.607 0.41 0.547 0.703 0.804
0.657 0.592 0.456 0.639 0.697 0.803
0.69 0.577 0.358 0.595 0.685 0.746
0.683 0.608 0.426 0.502 0.747 0.791
0.713 0.61 0.423 0.903 0.71 0.754
0.711 0.611 0.397 0.524 0.725 0.735
0.693 0.632 0.371 0.714 0.712 0.785
0.671 0.586 0.424 0.461 0.76 0.743
0.697 0.639 0.415 0.27 0.737 0.8
0.713 0.621 0.341 0.613 0.777 0.816
0.74 0.613 0.367 0.656 0.709 0.829
0.726 0.642 0.423 0.639 0.756 0.843
0.72 0.634 0.385 0.576 0.716 0.79
0.715 0.634 0.383 0.316 0.681 0.735
0.722 0.569 0.422 0.894 0.702 0.786
0.701 0.589 0.405 0.727 0.75 0.773
0.68 0.59 0.414 0.819 0.668 0.712
0.691 0.588 0.353 0.766 0.69 0.82
0.672 0.581 0.399 0.646 0.678 0.749
0.705 0.584 0.432 0.78 0.717 0.782
0.685 0.599 0.403 0.436 0.698 0.738
0.661 0.604 0.449 0.538 0.681 0.815
0.69 0.589 0.411 0.471 0.701 0.739
0.689 0.582 0.426 0.995 0.631 0.761
0.721 0.594 0.377 0.548 0.745 0.701
0.737 0.574 0.388 0.038 0.689 0.723
0.71 0.602 0.356 0.396 0.692 0.731
0.691 0.559 0.393 0.753 0.669 0.75
0.727 0.608 0.383 0.7 0.705 0.831
0.696 0.559 0.276 0.535 0.657 0.665
0.729 0.589 0.428 0.387 0.706 0.795
0.7 0.605 0.36 0.318 0.712 0.72
0.739 0.636 0.351 0.47 0.647 0.769
0.686 0.58 0.385 0.872 0.646 0.788
0.695 0.624 0.391 0.848 0.747 0.798
0.698 0.612 0.377 0.196 0.752 0.84
0.698 0.595 0.339 0.639 0.663 0.712
0.697 0.626 0.41 0.748 0.676 0.817
0.726 0.631 0.395 0.22 0.723 0.736
0.667 0.582 0.378 0.525 0.679 0.785
0.736 0.613 0.442 0.277 0.665 0.74
0.711 0.587 0.338 0.546 0.683 0.784
0.695 0.605 0.473 0.391 0.71 0.851
0.681 0.608 0.437 0.46 0.757 0.819
0.709 0.626 0.383 0.764 0.666 0.719
0.68 0.593 0.329 0.333 0.619 0.734
0.692 0.593 0.374 0.707 0.725 0.806
0.727 0.582 0.42 0.701 0.685 0.747
0.699 0.565 0.386 0.746 0.671 0.723
0.725 0.588 0.361 0.703 0.714 0.794
0.67 0.626 0.36 0.615 0.697 0.829
0.711 0.587 0.377 0.749 0.683 0.786
0.696 0.619 0.413 0.489 0.735 0.767
0.66 0.577 0.452 0.552 0.699 0.787
0.676 0.589 0.431 0.564 0.727 0.728
0.707 0.584 0.409 0.919 0.73 0.809
0.7 0.62 0.386 0.536 0.695 0.822
0.661 0.612 0.351 0.498 0.674 0.691
0.702 0.63 0.454 0.63 0.68 0.777
0.701 0.597 0.42 0.646 0.694 0.868
0.721 0.608 0.388 0.621 0.702 0.77
0.731 0.591 0.374 0.746 0.676 0.69
0.706 0.589 0.416 0.766 0.697 0.692
0.673 0.588 0.398 0.914 0.708 0.773
0.703 0.595 0.417 0.611 0.66 0.812
0.7 0.596 0.406 0.591 0.692 0.753
0.688 0.585 0.375 0.74 0.728 0.709
0.701 0.589 0.363 0.329 0.694 0.812
0.692 0.615 0.346 0.344 0.72 0.714
0.688 0.616 0.345 0.627 0.718 0.687
0.708 0.603 0.446 0.318 0.675 0.73
0.666 0.619 0.368 0.49 0.669 0.754
0.696 0.648 0.419 0.872 0.716 0.731
0.695 0.587 0.336 0.861 0.697 0.786
0.715 0.594 0.355 0.14 0.742 0.588
0.692 0.591 0.382 0.899 0.718 0.734
0.677 0.588 0.447 0.399 0.68 0.813
0.686 0.616 0.433 0.898 0.67 0.767
0.697 0.63 0.396 0.807 0.666 0.669
0.666 0.604 0.449 0.342 0.725 0.775
0.675 0.588 0.437 0.665 0.679 0.762
0.734 0.627 0.362 0.16 0.683 0.779
0.7 0.641 0.349 0.361 0.692 0.764
0.725 0.643 0.407 0.65 0.692 0.74
0.701 0.577 0.424 0.457 0.636 0.768
0.683 0.647 0.391 0.51 0.752 0.817
0.72 0.64 0.373 0.323 0.696 0.755
0.713 0.573 0.48 0.571 0.654 0.781
0.717 0.601 0.311 0.472 0.725 0.666
0.695 0.622 0.476 0.69 0.665 0.81
0.72 0.628 0.445 0.739 0.699 0.803
0.713 0.582 0.426 0.536 0.699 0.724
0.683 0.6 0.398 0.195 0.706 0.685
0.675 0.6 0.388 0.863 0.664 0.687
0.699 0.591 0.439 0.556 0.686 0.817
0.726 0.623 0.337 0.773 0.688 0.771
0.698 0.619 0.355 0.357 0.651 0.65
0.668 0.588 0.447 0.428 0.714 0.704
0.726 0.619 0.384 0.565 0.71 0.804
0.715 0.619 0.446 0.585 0.75 0.782
0.7 0.627 0.364 0.765 0.751 0.802
0.703 0.587 0.511 0.477 0.708 0.8
0.682 0.594 0.435 0.42 0.722 0.725
0.724 0.609 0.431 1.015 0.701 0.871
0.698 0.594 0.389 0.449 0.684 0.784
0.735 0.64 0.387 0.567 0.724 0.798
0.71 0.608 0.444 0.314 0.725 0.742
0.739 0.628 0.454 0.558 0.629 0.81
0.691 0.602 0.398 0.607 0.741 0.809
0.696 0.589 0.424 0.365 0.651 0.702
0.71 0.603 0.422 0.532 0.685 0.714
0.683 0.587 0.392 0.668 0.724 0.773
0.671 0.607 0.435 0.417 0.692 0.685
0.658 0.605 0.379 0.676 0.694 0.751
0.72 0.599 0.407 0.683 0.713 0.758
0.735 0.619 0.363 0.63 0.721 0.733
0.678 0.58 0.406 0.684 0.725 0.817
0.709 0.59 0.371 0.628 0.685 0.714
0.737 0.603 0.39 0.602 0.767 0.835
0.689 0.586 0.455 0.331 0.678 0.716
0.694 0.569 0.346 0.872 0.714 0.714
0.685 0.594 0.415 0.593 0.686 0.767
0.701 0.595 0.371 0.866 0.724 0.808
0.702 0.613 0.417 0.969 0.73 0.895
0.728 0.619 0.352 0.808 0.708 0.838
0.725 0.624 0.412 0.769 0.682 0.804
0.723 0.614 0.368 0.649 0.715 0.82
0.716 0.565 0.426 0.282 0.732 0.779
0.697 0.592 0.383 0.206 0.74 0.688
0.705 0.617 0.448 0.479 0.683 0.743
0.691 0.569 0.414 0.821 0.708 0.808
0.658 0.621 0.39 0.566 0.705 0.771
0.702 0.582 0.402 0.823 0.655 0.739
0.683 0.595 0.43 0.696 0.67 0.78
0.721 0.616 0.363 0.583 0.668 0.763
0.7 0.578 0.441 0.645 0.73 0.799
0.697 0.604 0.331 0.584 0.692 0.757
0.693 0.588 0.395 0.42 0.712 0.741
0.715 0.565 0.401 0.498 0.728 0.81
0.721 0.584 0.295 0.926 0.675 0.819
0.701 0.594 0.334 0.545 0.639 0.771
0.672 0.601 0.402 0.436 0.651 0.712
0.699 0.594 0.461 0.747 0.692 0.872
0.711 0.589 0.34 0.469 0.669 0.769
0.73 0.595 0.428 0.696 0.723 0.873
0.699 0.593 0.456 0.532 0.651 0.834
0.729 0.585 0.387 0.755 0.676 0.694
0.699 0.616 0.512 0.471 0.724 0.757
0.683 0.646 0.381 0.565 0.663 0.751
0.707 0.585 0.397 0.439 0.675 0.711
0.675 0.563 0.398 0.499 0.67 0.767
0.716 0.621 0.399 0.336 0.724 0.804
0.693 0.571 0.376 0.495 0.677 0.716
0.674 0.577 0.462 0.862 0.711 0.915
0.658 0.618 0.388 0.674 0.729 0.775
0.693 0.603 0.433 0.295 0.7 0.742
0.697 0.595 0.441 0.7 0.731 0.717
0.691 0.619 0.469 0.804 0.678 0.809
0.701 0.614 0.36 0.378 0.684 0.729
0.701 0.626 0.415 0.804 0.669 0.827
0.678 0.567 0.39 0.898 0.747 0.832
0.703 0.624 0.432 0.318 0.704 0.694
0.682 0.606 0.372 0.497 0.666 0.71
0.705 0.578 0.408 0.958 0.696 0.766
0.729 0.59 0.453 0.549 0.686 0.835
0.679 0.634 0.432 0.536 0.683 0.734
0.705 0.614 0.385 0.502 0.717 0.762
0.687 0.585 0.375 0.613 0.666 0.792
0.655 0.602 0.306 0.526 0.753 0.729
0.697 0.638 0.463 0.424 0.695 0.763
0.688 0.597 0.505 0.278 0.683 0.811
0.707 0.575 0.428 0.568 0.752 0.713
0.709 0.608 0.383 0.536 0.691 0.838
0.725 0.596 0.362 0.673 0.661 0.785
0.666 0.61 0.356 0.532 0.724 0.749
0.725 0.595 0.383 0.464 0.737 0.804
0.706 0.591 0.431 0.627 0.646 0.773
0.707 0.593 0.379 0.443 0.72 0.698
0.705 0.609 0.394 0.335 0.719 0.729
0.722 0.604 0.435 0.515 0.697 0.805
0.731 0.627 0.409 0.79 0.679 0.796
0.679 0.581 0.474 0.858 0.72 0.794
0.671 0.58 0.326 0.787 0.697 0.714
0.744 0.596 0.423 0.551 0.681 0.801
0.64 0.559 0.438 0.406 0.667 0.684
0.73 0.594 0.404 0.639 0.741 0.776
0.743 0.584 0.382 0.547 0.725 0.787
0.719 0.554 0.349 0.802 0.723 0.67
0.701 0.575 0.434 0.788 0.728 0.912
0.681 0.596 0.414 0.675 0.733 0.723
0.707 0.572 0.415 0.614 0.672 0.792
0.678 0.618 0.384 0.524 0.642 0.8
0.699 0.579 0.455 0.864 0.72 0.88
0.67 0.571 0.463 0.541 0.678 0.814
0.722 0.572 0.349 0.452 0.68 0.684
0.717 0.568 0.401 0.81 0.724 0.773
0.715 0.602 0.442 0.565 0.67 0.816
0.718 0.615 0.398 0.805 0.696 0.775
0.688 0.567 0.365 0.671 0.682 0.866
0.715 0.603 0.406 0.567 0.654 0.835
0.718 0.57 0.366 0.472 0.665 0.75
0.696 0.591 0.423 0.591 0.729 0.808
0.679 0.549 0.398 1.029 0.668 0.789
0.712 0.589 0.411 0.47 0.7 0.706
0.697 0.57 0.38 0.703 0.712 0.725
0.714 0.592 0.383 0.483 0.656 0.69
0.713 0.594 0.468 0.761 0.713 0.744
0.715 0.608 0.347 0.836 0.762 0.812
0.692 0.595 0.408 0.816 0.729 0.875
0.694 0.656 0.37 0.592 0.693 0.772
0.677 0.633 0.388 0.638 0.674 0.728
0.651 0.589 0.407 0.582 0.716 0.735
0.695 0.589 0.398 0.672 0.718 0.855
0.688 0.585 0.39 0.302 0.705 0.77
0.687 0.59 0.367 0.448 0.692 0.745
0.646 0.6 0.462 0.508 0.663 0.721
0.699 0.61 0.392 0.507 0.724 0.727
0.687 0.632 0.365 0.614 0.66 0.751
0.713 0.584 0.444 0.872 0.689 0.832
0.695 0.586 0.396 0.456 0.712 0.685
0.72 0.587 0.423 0.251 0.716 0.721
0.682 0.617 0.39 1.031 0.73 0.823
0.711 0.577 0.381 0.513 0.723 0.728
0.707 0.578 0.392 0.374 0.705 0.739
0.685 0.573 0.377 0.302 0.7 0.68
0.688 0.615 0.369 0.726 0.677 0.727
0.695 0.61 0.406 0.814 0.714 0.838
0.681 0.563 0.424 0.408 0.677 0.743
0.707 0.612 0.388 0.504 0.679 0.775
0.701 0.616 0.363 0.797 0.668 0.752
0.722 0.597 0.415 0.344 0.671 0.712
0.709 0.579 0.446 0.348 0.726 0.885
0.697 0.582 0.397 0.703 0.744 0.77
0.699 0.577 0.457 0.847 0.676 0.731
0.724 0.596 0.402 0.999 0.668 0.74
0.68 0.594 0.414 0.827 0.679 0.787
0.711 0.6 0.394 0.706 0.698 0.718
0.729 0.587 0.338 0.769 0.747 0.788
0.692 0.594 0.379 0.551 0.728 0.703
0.706 0.608 0.312 0.617 0.66 0.668
0.689 0.601 0.366 0.754 0.716 0.778
0.71 0.649 0.337 0.693 0.688 0.727
0.691 0.609 0.341 0.688 0.729 0.725
0.745 0.6 0.387 0.506 0.684 0.793
0.721 0.586 0.474 0.593 0.714 0.762
0.689 0.61 0.471 0.848 0.703 0.781
0.639 0.612 0.377 0.695 0.674 0.748
0.71 0.623 0.425 0.424 0.678 0.831
0.71 0.604 0.401 0.801 0.712 0.75
0.741 0.647 0.378 0.959 0.71 0.898
0.691 0.567 0.376 0.58 0.724 0.833
0.706 0.605 0.397 0.428 0.703 0.742
0.687 0.625 0.384 0.613 0.669 0.777
0.697 0.569 0.391 0.527 0.673 0.778
0.724 0.588 0.385 0.446 0.702 0.764
0.695 0.621 0.397 0.787 0.719 0.774
0.699 0.565 0.404 0.407 0.668 0.788
0.707 0.56 0.337 0.63 0.706 0.766
0.707 0.615 0.365 0.794 0.725 0.796
0.687 0.62 0.498 0.771 0.68 0.767
0.709 0.596 0.374 0.687 0.696 0.801
0.717 0.585 0.359 0.625 0.652 0.711
0.694 0.625 0.402 0.618 0.64 0.804
0.689 0.631 0.403 0.384 0.696 0.779
0.687 0.594 0.408 0.521 0.706 0.696
0.656 0.618 0.385 0.698 0.697 0.737
0.683 0.614 0.379 0.35 0.692 0.744
0.722 0.584 0.39 0.464 0.714 0.771
0.71 0.562 0.371 0.577 0.725 0.757
0.703 0.575 0.426 0.809 0.676 0.784
0.716 0.607 0.394 0.513 0.719 0.728
0.742 0.58 0.378 0.186 0.713 0.77
0.706 0.552 0.446 0.634 0.725 0.758
0.7 0.618 0.43 0.619 0.675 0.763
0.692 0.62 0.528 0.599 0.68 0.872
0.663 0.613 0.469 0.631 0.702 0.869
0.667 0.614 0.381 0.421 0.638 0.764
0.723 0.6 0.377 0.946 0.672 0.804
0.704 0.577 0.358 0.548 0.658 0.688
0.691 0.603 0.414 0.593 0.637 0.813
0.708 0.612 0.429 0.245 0.709 0.76
0.713 0.584 0.408 0.749 0.713 0.699
0.687 0.611 0.411 0.849 0.657 0.811
0.679 0.61 0.438 0.169 0.718 0.762
0.705 0.609 0.414 0.31 0.748 0.846
0.698 0.575 0.418 0.618 0.687 0.816
0.71 0.578 0.446 0.799 0.688 0.76
0.693 0.617 0.377 0.871 0.722 0.694
0.712 0.604 0.441 0.668 0.716 0.811
0.683 0.576 0.399 0.55 0.658 0.83
0.697 0.586 0.434 0.536 0.69 0.709
0.721 0.645 0.361 0.447 0.657 0.697
0.66 0.598 0.428 0.674 0.685 0.817
0.673 0.625 0.442 0.508 0.682 0.76
0.688 0.559 0.398 0.462 0.699 0.784
0.708 0.613 0.436 0.778 0.71 0.808
0.703 0.619 0.407 0.654 0.695 0.81
0.692 0.612 0.393 0.66 0.698 0.705
0.664 0.626 0.373 0.62 0.661 0.762
0.691 0.581 0.415 0.484 0.713 0.72
0.726 0.57 0.428 0.843 0.708 0.793
0.668 0.628 0.449 0.701 0.684 0.86
0.714 0.584 0.416 0.646 0.682 0.707
0.72 0.599 0.413 0.891 0.66 0.792
0.761 0.618 0.398 0.887 0.658 0.811
0.683 0.617 0.447 0.552 0.726 0.755
0.714 0.587 0.463 0.34 0.684 0.828
0.7 0.602 0.409 0.839 0.7 0.821
0.708 0.597 0.352 0.346 0.658 0.78
0.731 0.62 0.437 0.647 0.683 0.844
0.686 0.619 0.401 0.424 0.722 0.686
0.714 0.612 0.409 0.747 0.666 0.771
0.699 0.608 0.42 0.455 0.706 0.82
0.723 0.599 0.362 0.715 0.68 0.734
0.724 0.603 0.39 0.652 0.692 0.815
0.676 0.614 0.418 0.401 0.702 0.776
0.686 0.592 0.435 0.489 0.714 0.808
0.717 0.569 0.375 0.254 0.692 0.72
0.695 0.612 0.425 0.436 0.688 0.794
0.683 0.612 0.378 0.796 0.729 0.74
0.721 0.568 0.475 0.576 0.704 0.795
0.708 0.613 0.372 0.523 0.724 0.696
0.7 0.606 0.364 0.761 0.709 0.791
0.728 0.607 0.39 0.729 0.726 0.765
0.71 0.593 0.467 0.753 0.735 0.849
0.677 0.639 0.371 0.584 0.712 0.73
0.653 0.568 0.395 0.619 0.667 0.664
0.69 0.586 0.395 0.783 0.734 0.764
0.693 0.614 0.432 0.363 0.664 0.766
0.698 0.609 0.351 0.719 0.716 0.709
0.708 0.581 0.376 0.654 0.771 0.709
0.707 0.578 0.379 0.584 0.657 0.801
0.655 0.605 0.399 0.459 0.646 0.652
0.688 0.613 0.403 0.873 0.757 0.848
0.686 0.603 0.488 0.544 0.717 0.782
0.719 0.631 0.401 0.337 0.693 0.804
0.7 0.588 0.388 0.806 0.715 0.687
0.711 0.605 0.41 0.486 0.686 0.751
0.697 0.594 0.422 0.421 0.711 0.773
0.712 0.595 0.354 0.427 0.715 0.787
0.691 0.581 0.465 0.94 0.749 0.823
0.712 0.614 0.476 0.454 0.697 0.794
0.705 0.629 0.396 0.715 0.687 0.738
0.731 0.61 0.337 0.467 0.762 0.756
0.701 0.613 0.387 0.427 0.713 0.686
0.705 0.571 0.42 0.393 0.682 0.719
0.691 0.6 0.431 0.627 0.714 0.783
0.688 0.646 0.351 0.689 0.703 0.796
0.743 0.607 0.363 0.653 0.685 0.789
0.67 0.603 0.372 0.239 0.711 0.717
0.737 0.586 0.298 0.614 0.692 0.687
0.675 0.595 0.384 0.535 0.705 0.817
0.717 0.624 0.383 0.654 0.721 0.782
0.726 0.592 0.449 0.571 0.738 0.845
0.723 0.609 0.423 0.679 0.682 0.813
0.705 0.624 0.433 0.757 0.667 0.776
0.704 0.629 0.367 0.965 0.724 0.846
0.693 0.642 0.337 0.947 0.717 0.711
0.694 0.607 0.383 0.716 0.723 0.878
0.688 0.589 0.344 0.332 0.668 0.721
0.742 0.633 0.404 0.494 0.718 0.716
0.689 0.598 0.431 0.649 0.681 0.873
0.698 0.626 0.456 0.733 0.671 0.769
0.682 0.582 0.388 0.498 0.691 0.754
0.694 0.596 0.345 0.685 0.71 0.758
0.669 0.618 0.406 0.754 0.689 0.828
0.658 0.612 0.395 0.627 0.706 0.778
0.697 0.607 0.367 0.798 0.657 0.736
0.704 0.606 0.369 0.314 0.713 0.73
0.702 0.617 0.371 0.487 0.762 0.802
0.707 0.611 0.42 0.544 0.719 0.864
0.697 0.582 0.426 0.76 0.746 0.817
0.695 0.603 0.404 0.586 0.724 0.733
0.709 0.617 0.478 0.411 0.66 0.744
0.702 0.594 0.404 0.346 0.72 0.728
0.692 0.577 0.438 0.399 0.656 0.734
0.643 0.605 0.38 0.721 0.7 0.783
0.701 0.637 0.381 0.683 0.711 0.768
0.714 0.618 0.395 0.998 0.745 0.747
0.711 0.602 0.388 1.077 0.74 0.838
0.679 0.627 0.401 0.513 0.721 0.732
0.7 0.62 0.332 1.161 0.708 0.806
0.709 0.563 0.348 0.404 0.639 0.785
0.71 0.608 0.419 0.596 0.711 0.791
0.712 0.609 0.476 0.67 0.717 0.871
0.708 0.599 0.338 0.767 0.692 0.739
0.728 0.603 0.353 0.406 0.763 0.749
0.694 0.577 0.38 0.497 0.689 0.784
0.653 0.593 0.403 0.85 0.701 0.779
0.728 0.586 0.338 0.835 0.713 0.774
0.655 0.608 0.43 0.725 0.72 0.871
0.71 0.618 0.419 0.522 0.688 0.797
0.708 0.606 0.426 0.498 0.675 0.721
0.733 0.588 0.406 0.396 0.692 0.746
0.694 0.591 0.446 0.869 0.672 0.7
0.674 0.593 0.359 0.707 0.69 0.843
0.729 0.614 0.455 1.081 0.709 0.863
0.69 0.602 0.439 0.63 0.728 0.742
0.711 0.594 0.384 0.548 0.695 0.789
0.707 0.608 0.488 0.704 0.709 0.758
0.68 0.56 0.399 0.823 0.759 0.773
0.705 0.612 0.441 0.328 0.689 0.782
0.707 0.623 0.432 0.914 0.712 0.806
0.689 0.615 0.438 0.874 0.684 0.919
0.722 0.6 0.407 0.744 0.629 0.693
0.714 0.591 0.33 0.794 0.721 0.751
0.686 0.618 0.409 0.708 0.71 0.751
0.704 0.607 0.457 0.804 0.709 0.869
0.715 0.627 0.431 0.779 0.693 0.743
0.674 0.621 0.396 0.46 0.677 0.645
0.726 0.595 0.476 0.591 0.668 0.884
0.719 0.609 0.424 0.589 0.748 0.859
0.703 0.573 0.359 0.922 0.724 0.769
0.704 0.637 0.405 0.731 0.696 0.778
0.719 0.587 0.362 1.043 0.684 0.75
0.707 0.591 0.334 0.73 0.671 0.766
0.68 0.596 0.335 0.845 0.673 0.631
0.704 0.604 0.464 0.699 0.738 0.764
0.685 0.6 0.339 0.415 0.711 0.752
0.728 0.601 0.411 0.837 0.712 0.846
0.628 0.589 0.365 0.662 0.717 0.695
0.663 0.611 0.387 0.331 0.72 0.71
0.72 0.569 0.453 0.755 0.686 0.766
0.707 0.577 0.446 0.578 0.73 0.745
0.714 0.618 0.335 0.499 0.705 0.734
0.716 0.61 0.387 0.961 0.654 0.785
0.688 0.608 0.364 0.583 0.634 0.702
0.676 0.603 0.348 0.661 0.685 0.739
0.676 0.633 0.435 0.622 0.731 0.682
0.684 0.601 0.44 0.499 0.718 0.769
0.729 0.611 0.417 0.564 0.688 0.736
0.699 0.619 0.412 0.432 0.681 0.648
0.685 0.611 0.462 0.408 0.654 0.744
0.667 0.609 0.361 0.556 0.67 0.715
0.676 0.617 0.422 0.543 0.737 0.834
0.713 0.614 0.432 0.85 0.71 0.831
0.69 0.606 0.424 0.53 0.699 0.8
0.668 0.606 0.436 0.315 0.66 0.664
0.693 0.601 0.351 0.628 0.747 0.731
0.705 0.577 0.405 0.184 0.738 0.685
0.686 0.59 0.373 0.344 0.724 0.712
0.696 0.614 0.374 0.29 0.686 0.74
0.694 0.596 0.415 0.589 0.727 0.77
0.717 0.599 0.406 0.645 0.731 0.73
0.672 0.623 0.441 0.423 0.648 0.732
0.718 0.587 0.419 0.818 0.618 0.82
0.748 0.621 0.363 0.87 0.69 0.902
0.713 0.606 0.394 0.668 0.646 0.812
0.711 0.625 0.461 0.89 0.794 0.959
0.703 0.613 0.429 0.554 0.659 0.764
0.678 0.621 0.414 0.539 0.699 0.775
0.674 0.614 0.309 0.696 0.668 0.73
0.66 0.586 0.414 0.702 0.693 0.769
0.73 0.603 0.341 0.651 0.725 0.797
0.693 0.613 0.357 0.854 0.68 0.853
0.697 0.599 0.492 0.393 0.748 0.746
0.708 0.599 0.429 0.437 0.731 0.803
0.711 0.586 0.409 0.802 0.728 0.821
0.715 0.597 0.361 0.648 0.631 0.838
0.702 0.575 0.465 0.657 0.685 0.88
0.695 0.575 0.477 0.1 0.695 0.789
0.699 0.599 0.456 0.529 0.688 0.739
0.713 0.587 0.404 0.706 0.637 0.754
0.718 0.61 0.362 0.145 0.692 0.742
0.743 0.629 0.44 0.557 0.684 0.82
0.691 0.622 0.415 0.701 0.666 0.798
0.723 0.622 0.39 0.704 0.713 0.773
0.719 0.61 0.433 0.485 0.693 0.833
0.729 0.587 0.37 0.43 0.711 0.81
0.743 0.607 0.395 1.021 0.701 0.834
0.668 0.608 0.363 0.905 0.75 0.781
0.709 0.586 0.458 0.369 0.655 0.704
0.672 0.611 0.373 0.687 0.745 0.764
0.685 0.576 0.361 0.659 0.715 0.778
0.713 0.611 0.357 0.542 0.673 0.804
0.693 0.616 0.414 0.552 0.642 0.767
0.699 0.618 0.424 0.467 0.688 0.773
0.694 0.611 0.446 0.649 0.711 0.78
0.686 0.619 0.355 0.614 0.767 0.79
0.69 0.584 0.4 0.465 0.683 0.67
0.705 0.605 0.397 0.285 0.686 0.781
0.704 0.583 0.368 0.884 0.701 0.781
0.69 0.57 0.455 0.743 0.676 0.722
0.704 0.622 0.401 0.589 0.738 0.833
0.702 0.626 0.383 0.317 0.693 0.749
0.725 0.607 0.403 0.768 0.695 0.734
0.725 0.585 0.356 0.448 0.671 0.645
0.718 0.622 0.338 0.471 0.692 0.725
0.663 0.611 0.412 0.561 0.662 0.676
0.7 0.626 0.453 0.6 0.718 0.861
0.695 0.579 0.363 0.368 0.697 0.702
0.725 0.619 0.357 0.849 0.69 0.788
0.686 0.62 0.45 0.674 0.692 0.738
0.718 0.584 0.397 0.483 0.687 0.784
0.672 0.589 0.345 0.288 0.759 0.684
0.676 0.6 0.319 0.333 0.671 0.723
0.699 0.603 0.473 0.482 0.721 0.904
0.702 0.592 0.394 0.703 0.724 0.815
0.729 0.59 0.462 1.151 0.662 0.805
0.66 0.568 0.436 0.766 0.705 0.764
0.703 0.585 0.413 0.562 0.717 0.728
0.699 0.596 0.323 0.434 0.688 0.831
0.705 0.588 0.38 0.615 0.708 0.746
0.707 0.575 0.364 0.502 0.706 0.745
0.718 0.61 0.375 0.413 0.665 0.762
0.663 0.628 0.431 0.252 0.713 0.739
0.711 0.569 0.418 0.642 0.69 0.763
0.693 0.615 0.422 1.028 0.693 0.753
0.715 0.601 0.416 0.414 0.697 0.708
0.755 0.587 0.437 0.068 0.752 0.784
0.687 0.625 0.38 0.135 0.669 0.68
0.683 0.623 0.35 0.369 0.647 0.717
0.694 0.584 0.413 0.419 0.747 0.637
0.707 0.623 0.378 0.514 0.653 0.692
0.697 0.611 0.438 0.38 0.636 0.729
0.719 0.618 0.367 0.654 0.736 0.774
0.728 0.586 0.416 0.893 0.721 0.808
0.713 0.613 0.365 0.59 0.743 0.729
0.666 0.57 0.45 0.798 0.636 0.882
0.729 0.596 0.383 0.543 0.701 0.818
0.702 0.626 0.324 0.401 0.682 0.633
0.689 0.631 0.454 0.372 0.727 0.65
0.705 0.62 0.434 0.39 0.711 0.73
0.69 0.566 0.358 0.616 0.71 0.84
0.666 0.598 0.366 0.623 0.712 0.772
0.686 0.617 0.389 0.371 0.756 0.71
0.711 0.576 0.356 0.481 0.719 0.688
0.702 0.605 0.382 0.373 0.67 0.742
0.676 0.607 0.394 0.471 0.686 0.688
0.724 0.567 0.327 0.36 0.693 0.682
0.682 0.625 0.339 0.574 0.723 0.758
0.695 0.603 0.457 0.513 0.65 0.752
0.704 0.607 0.38 0.587 0.729 0.709
0.685 0.604 0.494 0.796 0.691 0.813
0.717 0.618 0.382 0.435 0.731 0.872
0.696 0.593 0.367 0.501 0.703 0.723
0.696 0.604 0.418 0.642 0.719 0.726
0.716 0.61 0.47 0.651 0.677 0.783
0.703 0.625 0.368 0.665 0.69 0.796
0.716 0.616 0.41 0.785 0.707 0.836
0.691 0.569 0.397 0.241 0.681 0.685
0.74 0.626 0.438 0.466 0.686 0.724
0.705 0.62 0.285 0.749 0.677 0.728
0.694 0.585 0.355 0.387 0.702 0.708
0.696 0.618 0.393 0.462 0.633 0.782
0.728 0.604 0.451 0.784 0.709 0.724
0.693 0.606 0.357 0.568 0.7 0.744
0.734 0.586 0.397 1.133 0.695 0.864
0.677 0.575 0.448 0.741 0.682 0.828
0.703 0.652 0.4 0.729 0.686 0.744
0.714 0.588 0.431 0.91 0.753 0.917
0.651 0.584 0.448 0.76 0.745 0.871
0.687 0.587 0.384 0.93 0.697 0.845
0.73 0.588 0.389 0.706 0.687 0.763
0.656 0.632 0.388 0.789 0.671 0.695
0.695 0.566 0.409 0.702 0.716 0.809
0.723 0.607 0.444 0.704 0.684 0.76
0.696 0.622 0.321 0.384 0.72 0.792
0.709 0.622 0.402 0.515 0.702 0.735
0.709 0.6 0.401 0.151 0.673 0.77
0.707 0.628 0.416 0.411 0.688 0.756
0.722 0.583 0.383 0.268 0.683 0.743
0.727 0.591 0.367 0.433 0.738 0.729
0.663 0.632 0.353 0.547 0.733 0.807
0.718 0.587 0.266 0.522 0.734 0.66
0.671 0.632 0.417 0.388 0.717 0.794
0.692 0.586 0.376 0.423 0.675 0.649
0.692 0.583 0.405 0.303 0.72 0.661
0.676 0.596 0.42 0.613 0.767 0.821
0.701 0.644 0.423 0.342 0.727 0.65
0.721 0.624 0.368 0.721 0.727 0.804
0.741 0.604 0.39 0.354 0.663 0.746
0.712 0.605 0.402 0.878 0.688 0.815
0.704 0.6 0.333 0.752 0.704 0.751
0.682 0.588 0.457 0.609 0.734 0.706
0.74 0.595 0.433 0.712 0.699 0.75
0.683 0.618 0.324 0.698 0.709 0.698
0.701 0.566 0.387 0.623 0.746 0.768
0.69 0.58 0.448 1.101 0.668 0.856
0.733 0.623 0.356 0.571 0.716 0.789
0.695 0.62 0.434 0.505 0.743 0.837
0.689 0.639 0.438 0.547 0.694 0.767
0.693 0.61 0.349 0.739 0.68 0.752
0.733 0.622 0.377 0.543 0.651 0.745
0.702 0.598 0.455 0.486 0.707 0.76
0.678 0.581 0.362 0.681 0.722 0.764
0.7 0.608 0.424 0.208 0.686 0.77
0.688 0.614 0.437 0.335 0.737 0.673
0.692 0.595 0.459 0.67 0.674 0.807
0.715 0.604 0.353 0.793 0.672 0.889
0.696 0.623 0.442 0.428 0.649 0.728
0.687 0.614 0.379 0.701 0.713 0.823
0.694 0.588 0.343 0.562 0.692 0.787
0.718 0.633 0.408 0.759 0.702 0.746
0.685 0.612 0.344 0.257 0.729 0.782
0.735 0.61 0.425 0.558 0.672 0.772
0.698 0.57 0.393 0.993 0.683 0.82
0.678 0.567 0.36 0.532 0.685 0.836
0.711 0.585 0.458 0.573 0.731 0.797
0.67 0.603 0.377 0.451 0.722 0.751
0.68 0.634 0.434 0.585 0.708 0.927
0.68 0.614 0.412 0.651 0.725 0.844
0.718 0.593 0.425 0.604 0.716 0.817
0.691 0.574 0.474 0.576 0.758 0.81
0.682 0.589 0.352 0.589 0.743 0.756
0.711 0.638 0.452 0.34 0.762 0.784
0.696 0.591 0.409 0.66 0.717 0.783
0.68 0.577 0.403 0.827 0.717 0.827
0.682 0.592 0.414 0.57 0.702 0.776
0.683 0.603 0.383 0.796 0.685 0.839
0.702 0.593 0.376 0.862 0.687 0.789
0.704 0.625 0.386 0.661 0.69 0.822
0.734 0.591 0.42 0.978 0.707 0.772
0.701 0.58 0.411 0.54 0.685 0.748
0.714 0.581 0.462 0.508 0.736 0.795
0.739 0.551 0.381 0.555 0.731 0.742
0.728 0.546 0.407 0.871 0.74 0.766
0.7 0.567 0.407 0.759 0.71 0.744
0.7 0.597 0.337 0.471 0.73 0.777
0.713 0.55 0.372 0.505 0.688 0.746
0.711 0.608 0.464 0.688 0.697 0.78
0.713 0.649 0.366 0.81 0.706 0.739
0.687 0.597 0.394 0.739 0.649 0.847
0.727 0.587 0.396 0.536 0.782 0.731
0.7 0.564 0.4 0.799 0.744 0.787
0.711 0.599 0.366 0.464 0.793 0.771
0.689 0.579 0.426 0.282 0.692 0.789
0.718 0.584 0.377 0.58 0.689 0.8
0.698 0.59 0.369 0.581 0.696 0.781
0.72 0.571 0.394 0.471 0.728 0.78
0.705 0.653 0.35 0.583 0.738 0.659
0.691 0.596 0.435 0.646 0.728 0.802
0.726 0.595 0.368 0.708 0.681 0.687
0.718 0.572 0.423 0.463 0.672 0.767
0.727 0.593 0.433 0.521 0.694 0.746
0.679 0.595 0.402 0.461 0.752 0.689
0.719 0.612 0.371 0.637 0.683 0.798
0.676 0.593 0.409 0.271 0.692 0.724
0.714 0.605 0.39 0.705 0.703 0.743
0.733 0.601 0.416 0.62 0.726 0.708
0.714 0.587 0.47 0.501 0.715 0.89
0.744 0.586 0.347 0.627 0.692 0.828
0.694 0.578 0.38 0.691 0.641 0.777
0.741 0.576 0.362 0.647 0.707 0.792
0.713 0.618 0.404 0.437 0.707 0.698
0.687 0.599 0.416 0.632 0.677 0.844
0.697 0.61 0.372 0.745 0.701 0.813
0.703 0.574 0.448 0.819 0.644 0.844
0.67 0.616 0.414 0.504 0.705 0.774
0.662 0.59 0.363 0.726 0.693 0.745
0.679 0.622 0.42 0.539 0.756 0.702
0.707 0.602 0.392 0.737 0.668 0.689
0.671 0.592 0.431 0.41 0.681 0.755
0.695 0.591 0.442 0.561 0.675 0.815
0.71 0.615 0.396 0.731 0.678 0.702
0.708 0.602 0.372 0.808 0.702 0.797
0.701 0.619 0.419 0.671 0.687 0.86
0.667 0.578 0.389 0.807 0.71 0.809
0.712 0.559 0.374 0.6 0.755 0.84
0.707 0.608 0.42 0.757 0.671 0.742
0.679 0.641 0.291 0.68 0.749 0.77
0.676 0.6 0.387 0.507 0.691 0.664
0.714 0.608 0.392 0.462 0.686 0.756
0.708 0.564 0.406 0.508 0.751 0.786
0.718 0.578 0.398 1.012 0.715 0.873
0.695 0.623 0.393 0.591 0.652 0.753
0.681 0.581 0.465 0.457 0.707 0.838
0.722 0.611 0.437 0.47 0.741 0.778
0.724 0.62 0.322 0.878 0.707 0.707
0.711 0.601 0.408 0.708 0.722 0.756
0.68 0.612 0.37 0.235 0.738 0.727
0.665 0.581 0.342 0.878 0.675 0.75
0.708 0.587 0.407 0.349 0.721 0.725
0.685 0.601 0.442 0.68 0.707 0.789
0.671 0.598 0.424 0.818 0.695 0.8
0.687 0.592 0.387 0.644 0.701 0.778
0.698 0.597 0.402 0.737 0.708 0.7
0.719 0.621 0.371 0.471 0.665 0.798
0.682 0.647 0.445 0.78 0.687 0.847
0.701 0.586 0.393 0.528 0.7 0.697
0.698 0.603 0.423 0.543 0.674 0.72
0.704 0.614 0.385 0.392 0.752 0.777
0.733 0.606 0.352 0.521 0.738 0.757
0.72 0.593 0.42 0.396 0.742 0.771
0.689 0.63 0.349 0.455 0.728 0.746
0.681 0.583 0.413 0.461 0.723 0.789
0.701 0.575 0.445 0.351 0.665 0.725
0.724 0.624 0.42 0.274 0.645 0.683
0.704 0.6 0.402 0.504 0.741 0.819
0.723 0.615 0.406 0.225 0.721 0.611
0.687 0.579 0.497 0.434 0.697 0.79
0.694 0.613 0.378 0.644 0.7 0.815
0.708 0.59 0.371 0.527 0.694 0.732
0.713 0.635 0.33 0.788 0.714 0.686
0.716 0.627 0.287 0.185 0.734 0.698
0.704 0.609 0.419 0.621 0.708 0.688
0.717 0.593 0.396 0.309 0.709 0.675
0.715 0.629 0.353 0.679 0.705 0.758
0.674 0.587 0.349 0.618 0.739 0.722
0.759 0.573 0.396 0.528 0.692 0.848
0.662 0.625 0.422 0.671 0.722 0.754
0.712 0.614 0.39 0.933 0.668 0.795
0.695 0.592 0.356 0.383 0.699 0.666
0.721 0.606 0.398 0.5 0.683 0.777
0.668 0.628 0.459 0.285 0.734 0.715
0.694 0.601 0.39 0.504 0.717 0.784
0.711 0.61 0.375 0.568 0.721 0.825
0.716 0.584 0.437 0.543 0.687 0.851
0.692 0.561 0.367 0.808 0.702 0.77
0.673 0.597 0.42 0.285 0.703 0.718
0.703 0.584 0.396 0.69 0.642 0.73
0.745 0.585 0.387 0.589 0.695 0.777
0.715 0.616 0.4 0.574 0.713 0.797
0.697 0.56 0.42 0.935 0.703 0.741
0.7 0.569 0.421 0.695 0.717 0.845
0.726 0.522 0.361 0.791 0.718 0.812
0.704 0.613 0.457 0.528 0.746 0.848
0.707 0.592 0.355 0.531 0.676 0.601
0.666 0.601 0.375 0.772 0.718 0.731
0.711 0.599 0.454 0.446 0.69 0.825
0.705 0.589 0.376 0.391 0.727 0.773
0.722 0.569 0.394 0.741 0.624 0.688
0.664 0.562 0.384 0.767 0.701 0.702
0.738 0.595 0.386 0.802 0.657 0.8
0.712 0.604 0.425 0.423 0.704 0.737
0.676 0.622 0.348 0.622 0.676 0.658
0.718 0.587 0.47 0.477 0.701 0.862
0.682 0.596 0.44 0.56 0.741 0.774
0.698 0.573 0.268 0.464 0.644 0.552
0.712 0.611 0.364 0.742 0.724 0.808
0.688 0.608 0.443 0.553 0.7 0.798
0.711 0.607 0.422 0.476 0.675 0.79
0.682 0.611 0.37 0.447 0.738 0.749
0.714 0.59 0.378 0.503 0.672 0.689
0.695 0.612 0.379 0.309 0.682 0.729
0.711 0.628 0.455 0.825 0.655 0.856
0.71 0.616 0.339 0.435 0.7 0.701
0.705 0.617 0.377 0.56 0.669 0.682
0.672 0.605 0.367 0.689 0.677 0.72
0.684 0.632 0.404 1.03 0.672 0.798
0.721 0.611 0.36 0.456 0.645 0.729
0.699 0.618 0.351 0.705 0.751 0.795
0.675 0.584 0.395 0.923 0.678 0.796
0.731 0.57 0.435 0.691 0.737 0.881
0.717 0.592 0.33 0.451 0.652 0.807
0.688 0.568 0.42 0.417 0.662 0.754
0.704 0.602 0.369 0.476 0.701 0.689
0.694 0.627 0.391 0.295 0.676 0.795
0.701 0.578 0.337 0.407 0.722 0.744
0.685 0.611 0.402 0.364 0.679 0.72
0.725 0.642 0.365 0.839 0.68 0.865
0.708 0.605 0.352 0.678 0.712 0.715
0.7 0.607 0.42 0.766 0.715 0.783
0.689 0.603 0.355 0.63 0.709 0.689
0.679 0.583 0.415 0.288 0.682 0.694
0.701 0.58 0.421 0.49 0.684 0.722
0.69 0.579 0.375 0.749 0.711 0.655
0.709 0.61 0.453 0.457 0.684 0.806
0.721 0.597 0.459 0.315 0.66 0.762
0.702 0.594 0.408 0.736 0.706 0.702
0.664 0.586 0.331 0.668 0.703 0.75
0.69 0.64 0.397 0.386 0.717 0.729
0.689 0.621 0.329 0.654 0.657 0.824
0.678 0.592 0.386 0.667 0.679 0.788
0.711 0.592 0.39 0.606 0.709 0.806
0.664 0.628 0.454 0.508 0.686 0.753
0.717 0.591 0.448 0.615 0.672 0.838
0.742 0.576 0.376 0.687 0.629 0.78
0.691 0.601 0.391 0.61 0.689 0.763
0.706 0.644 0.379 0.761 0.678 0.764
0.691 0.595 0.392 0.479 0.765 0.798
0.691 0.593 0.377 0.574 0.692 0.697
0.693 0.609 0.377 0.518 0.76 0.647
0.686 0.593 0.413 0.933 0.68 0.689
0.743 0.587 0.423 0.299 0.687 0.8
0.695 0.599 0.332 0.976 0.672 0.84
0.657 0.597 0.448 0.989 0.7 0.861
0.69 0.608 0.454 0.478 0.696 0.738
0.662 0.607 0.38 0.421 0.694 0.826
0.694 0.566 0.418 0.489 0.669 0.755
0.692 0.581 0.337 0.792 0.675 0.798
0.686 0.591 0.372 0.67 0.722 0.718
0.715 0.597 0.392 0.673 0.709 0.782
0.712 0.595 0.368 0.557 0.722 0.743
