87 35
83 33
86 34
77 31
82 33
87 35
82 33
89 36
79 32
76 30
86 34
80 32
85 34
78 31
82 33
80 32
83 33
85 34
80 32
80 32
82 33
85 34
83 33
81 32
79 32
86 34
85 34
84 34
83 33
86 34
84 34
79 32
82 33
80 32
85 34
85 34
85 34
84 34
89 36
84 34
79 32
79 32
87 35
85 34
82 33
89 36
81 32
89 36
86 34
84 34
85 34
82 33
85 34
84 34
84 34
80 32
79 32
83 33
81 32
87 35
82 33
83 33
82 33
88 35
79 32
88 35
92 37
79 32
83 33
78 31
88 35
82 33
86 34
87 35
82 33
90 36
81 32
81 32
81 32
86 34
81 32
85 34
79 32
80 32
87 35
82 33
91 36
80 32
83 33
80 32
79 32
82 33
83 33
84 34
86 34
79 32
81 32
85 34
85 34
