0.87 0.7 0.57 0.716
0.83 0.77 0.61 0.73
0.86 0.78 0.81 0.824
0.77 0.71 0.69 0.726
0.82 0.73 0.64 0.73
0.87 0.83 0.63 0.766
0.82 0.76 0.6 0.72
0.89 0.74 0.67 0.772
0.79 0.68 0.75 0.752
0.76 0.72 0.81 0.772
0.86 0.78 0.8 0.82
0.8 0.75 0.61 0.714
0.85 0.73 0.52 0.694
0.78 0.73 0.8 0.778
0.82 0.75 0.68 0.75
0.8 0.71 0.55 0.682
0.83 0.75 0.63 0.734
0.85 0.74 0.76 0.792
0.8 0.67 0.63 0.706
0.8 0.75 0.73 0.762
0.82 0.73 0.62 0.722
0.85 0.76 0.69 0.768
0.83 0.78 0.81 0.812
0.81 0.77 0.73 0.77
0.79 0.74 0.61 0.708
0.86 0.75 0.68 0.766
0.85 0.69 0.67 0.746
0.84 0.81 0.74 0.794
0.83 0.76 0.61 0.728
0.86 0.76 0.77 0.804
0.84 0.78 0.76 0.796
0.79 0.76 0.81 0.792
0.82 0.7 0.66 0.732
0.8 0.75 0.75 0.77
0.85 0.77 0.73 0.786
0.85 0.78 0.73 0.788
0.85 0.67 0.62 0.722
0.84 0.74 0.67 0.752
0.89 0.71 0.72 0.786
0.84 0.75 0.6 0.726
0.79 0.74 0.67 0.732
0.79 0.71 0.71 0.742
0.87 0.78 0.65 0.764
0.85 0.68 0.67 0.744
0.82 0.75 0.65 0.738
0.89 0.76 0.71 0.792
0.81 0.75 0.54 0.69
0.89 0.8 0.55 0.736
0.86 0.8 0.64 0.76
0.84 0.76 0.7 0.768
0.85 0.7 0.69 0.756
0.82 0.83 0.45 0.674
0.85 0.76 0.65 0.752
0.84 0.72 0.63 0.732
0.84 0.78 0.58 0.724
0.8 0.7 0.72 0.748
0.79 0.71 0.64 0.714
0.83 0.75 0.72 0.77
0.81 0.74 0.68 0.744
0.87 0.73 0.75 0.794
0.82 0.73 0.62 0.722
0.83 0.74 0.67 0.748
0.82 0.75 0.7 0.758
0.88 0.78 0.67 0.776
0.79 0.72 0.66 0.724
0.88 0.77 0.77 0.814
0.92 0.73 0.68 0.786
0.79 0.82 0.61 0.724
0.83 0.7 0.74 0.768
0.78 0.76 0.62 0.712
0.88 0.76 0.67 0.772
0.82 0.79 0.71 0.77
0.86 0.77 0.74 0.794
0.87 0.72 0.71 0.776
0.82 0.73 0.58 0.706
0.9 0.76 0.66 0.776
0.81 0.73 0.7 0.75
0.81 0.77 0.62 0.726
0.81 0.72 0.82 0.796
0.86 0.8 0.63 0.756
0.81 0.77 0.66 0.742
0.85 0.77 0.63 0.746
0.79 0.69 0.53 0.666
0.8 0.73 0.78 0.778
0.87 0.7 0.67 0.756
0.82 0.81 0.7 0.77
0.91 0.77 0.67 0.786
0.8 0.73 0.6 0.706
0.83 0.72 0.7 0.756
0.8 0.76 0.73 0.764
0.79 0.72 0.82 0.788
0.82 0.73 0.62 0.722
0.83 0.77 0.69 0.762
0.84 0.76 0.66 0.752
0.86 0.72 0.64 0.744
0.79 0.73 0.68 0.734
0.81 0.71 0.68 0.738
0.85 0.75 0.65 0.75
0.85 0.69 0.77 0.786
0.8 0.69 0.57 0.686
0.83 0.77 0.65 0.746
0.86 0.73 0.71 0.774
0.84 0.72 0.68 0.752
0.83 0.79 0.78 0.802
0.8 0.71 0.65 0.722
0.84 0.7 0.64 0.732
0.86 0.7 0.57 0.712
0.82 0.77 0.66 0.746
0.81 0.68 0.63 0.712
0.83 0.7 0.62 0.72
0.82 0.73 0.73 0.766
0.83 0.78 0.81 0.812
0.86 0.77 0.53 0.71
0.82 0.67 0.59 0.698
0.81 0.75 0.62 0.722
0.82 0.71 0.65 0.73
0.83 0.69 0.67 0.738
0.82 0.8 0.55 0.708
0.83 0.68 0.64 0.724
0.82 0.74 0.78 0.788
0.85 0.75 0.7 0.77
0.83 0.76 0.66 0.748
0.87 0.78 0.69 0.78
0.86 0.75 0.66 0.758
0.77 0.74 0.6 0.696
0.82 0.71 0.69 0.746
0.9 0.78 0.61 0.76
0.81 0.81 0.69 0.762
0.86 0.76 0.6 0.736
0.92 0.71 0.68 0.782
0.85 0.77 0.63 0.746
0.84 0.72 0.67 0.748
0.81 0.77 0.77 0.786
0.8 0.76 0.82 0.8
0.84 0.78 0.7 0.772
0.81 0.69 0.82 0.79
0.82 0.72 0.7 0.752
0.81 0.8 0.67 0.752
0.8 0.76 0.64 0.728
0.77 0.77 0.65 0.722
0.85 0.78 0.76 0.8
0.83 0.72 0.66 0.74
0.83 0.71 0.59 0.71
0.85 0.77 0.71 0.778
0.83 0.76 0.8 0.804
0.81 0.76 0.76 0.78
0.8 0.76 0.57 0.7
0.87 0.75 0.66 0.762
0.84 0.8 0.67 0.764
0.82 0.71 0.59 0.706
0.8 0.76 0.74 0.768
0.87 0.77 0.7 0.782
0.88 0.78 0.66 0.772
0.83 0.76 0.73 0.776
0.85 0.75 0.58 0.722
0.86 0.74 0.68 0.764
0.85 0.73 0.66 0.75
0.8 0.79 0.69 0.754
0.85 0.69 0.6 0.718
0.75 0.76 0.58 0.684
0.86 0.75 0.74 0.79
0.8 0.75 0.66 0.734
0.83 0.75 0.65 0.742
0.8 0.74 0.64 0.724
0.81 0.78 0.63 0.732
0.78 0.73 0.68 0.73
0.8 0.75 0.67 0.738
0.9 0.71 0.71 0.786
0.78 0.75 0.66 0.726
0.9 0.74 0.61 0.752
0.85 0.7 0.66 0.744
0.84 0.79 0.76 0.798
0.84 0.73 0.66 0.746
0.86 0.81 0.66 0.77
0.84 0.8 0.69 0.772
0.79 0.74 0.59 0.7
0.82 0.7 0.7 0.748
0.89 0.79 0.74 0.81
0.81 0.78 0.69 0.756
0.81 0.72 0.75 0.768
0.86 0.8 0.67 0.772
0.9 0.75 0.63 0.762
0.84 0.67 0.79 0.786
0.84 0.76 0.64 0.744
0.82 0.73 0.73 0.766
0.83 0.78 0.76 0.792
0.84 0.78 0.65 0.752
0.81 0.72 0.66 0.732
0.83 0.79 0.58 0.722
0.85 0.78 0.75 0.796
0.83 0.74 0.63 0.732
0.83 0.69 0.76 0.774
0.9 0.76 0.56 0.736
0.8 0.71 0.66 0.726
0.81 0.77 0.76 0.782
0.86 0.75 0.66 0.758
0.79 0.7 0.82 0.784
0.86 0.74 0.57 0.72
0.9 0.71 0.55 0.722
0.84 0.78 0.72 0.78
0.84 0.7 0.65 0.736
0.83 0.74 0.79 0.796
0.79 0.7 0.62 0.704
0.81 0.78 0.87 0.828
0.82 0.71 0.63 0.722
0.77 0.76 0.7 0.74
0.8 0.79 0.57 0.706
0.87 0.79 0.72 0.794
0.84 0.76 0.71 0.772
0.81 0.82 0.56 0.712
0.88 0.78 0.72 0.796
0.79 0.77 0.65 0.73
0.83 0.75 0.65 0.742
0.81 0.71 0.57 0.694
0.86 0.81 0.72 0.794
0.81 0.67 0.75 0.758
0.87 0.69 0.66 0.75
0.8 0.74 0.7 0.748
0.85 0.75 0.65 0.75
0.83 0.73 0.74 0.774
0.82 0.76 0.79 0.796
0.92 0.75 0.48 0.71
0.86 0.79 0.62 0.75
0.84 0.74 0.74 0.78
0.85 0.69 0.69 0.754
0.85 0.7 0.75 0.78
0.78 0.8 0.71 0.756
0.82 0.74 0.64 0.732
0.88 0.73 0.67 0.766
0.79 0.76 0.7 0.748
0.75 0.76 0.74 0.748
0.83 0.73 0.81 0.802
0.81 0.76 0.71 0.76
0.78 0.81 0.69 0.75
0.8 0.68 0.69 0.732
0.87 0.72 0.72 0.78
0.84 0.74 0.54 0.7
0.83 0.73 0.53 0.69
0.9 0.77 0.64 0.77
0.83 0.76 0.53 0.696
0.86 0.74 0.66 0.756
0.82 0.71 0.67 0.738
0.78 0.7 0.57 0.68
0.8 0.78 0.67 0.744
0.83 0.75 0.74 0.778
0.79 0.73 0.69 0.738
0.82 0.81 0.79 0.806
0.88 0.74 0.71 0.784
0.79 0.74 0.68 0.736
0.83 0.74 0.63 0.732
0.8 0.73 0.74 0.762
0.78 0.74 0.71 0.744
0.89 0.74 0.62 0.752
0.84 0.76 0.56 0.712
0.81 0.75 0.59 0.71
0.86 0.75 0.72 0.782
0.82 0.75 0.79 0.794
0.81 0.71 0.7 0.746
0.8 0.74 0.62 0.716
0.84 0.73 0.61 0.726
0.86 0.76 0.67 0.764
0.81 0.76 0.62 0.724
0.82 0.75 0.62 0.726
0.87 0.76 0.69 0.776
0.83 0.71 0.63 0.726
0.83 0.77 0.6 0.726
0.8 0.76 0.78 0.784
0.84 0.71 0.67 0.746
0.83 0.76 0.61 0.728
0.85 0.75 0.51 0.694
0.86 0.77 0.67 0.766
0.82 0.77 0.67 0.75
0.78 0.8 0.86 0.816
0.78 0.75 0.61 0.706
0.83 0.7 0.59 0.708
0.81 0.72 0.65 0.728
0.83 0.79 0.75 0.79
0.86 0.76 0.69 0.772
0.87 0.71 0.62 0.738
0.86 0.79 0.66 0.766
0.81 0.78 0.72 0.768
0.87 0.76 0.6 0.74
0.77 0.73 0.66 0.718
0.82 0.74 0.7 0.756
0.86 0.76 0.79 0.812
0.78 0.79 0.73 0.762
0.92 0.72 0.77 0.82
0.78 0.73 0.74 0.754
0.8 0.78 0.69 0.752
0.87 0.75 0.74 0.794
0.84 0.78 0.61 0.736
0.86 0.76 0.6 0.736
0.83 0.73 0.59 0.714
0.81 0.77 0.61 0.722
0.86 0.77 0.65 0.758
0.79 0.72 0.64 0.716
0.82 0.75 0.69 0.754
0.81 0.73 0.61 0.714
0.85 0.75 0.65 0.75
0.91 0.76 0.61 0.76
0.87 0.77 0.76 0.806
0.86 0.7 0.73 0.776
0.84 0.72 0.65 0.74
0.8 0.79 0.63 0.73
0.79 0.76 0.62 0.716
0.9 0.79 0.67 0.786
0.83 0.78 0.62 0.736
0.86 0.81 0.69 0.782
0.84 0.81 0.65 0.758
0.8 0.77 0.6 0.714
0.82 0.76 0.71 0.764
0.86 0.78 0.72 0.788
0.84 0.71 0.58 0.71
0.85 0.79 0.64 0.754
0.85 0.74 0.62 0.736
0.86 0.81 0.6 0.746
0.78 0.75 0.74 0.758
0.85 0.76 0.61 0.736
0.86 0.79 0.6 0.742
0.77 0.72 0.58 0.684
0.8 0.77 0.73 0.766
0.88 0.7 0.73 0.784
0.81 0.69 0.58 0.694
0.79 0.75 0.68 0.738
0.72 0.74 0.66 0.7
0.8 0.73 0.69 0.742
0.86 0.7 0.62 0.732
0.81 0.82 0.62 0.736
0.83 0.76 0.65 0.744
0.85 0.8 0.72 0.788
0.85 0.8 0.56 0.724
0.82 0.77 0.66 0.746
0.85 0.73 0.65 0.746
0.84 0.69 0.59 0.71
0.81 0.68 0.58 0.692
0.8 0.72 0.64 0.72
0.81 0.74 0.65 0.732
0.84 0.79 0.69 0.77
0.81 0.77 0.71 0.762
0.81 0.74 0.73 0.764
0.8 0.75 0.52 0.678
0.8 0.71 0.66 0.726
0.78 0.75 0.56 0.686
0.8 0.76 0.57 0.7
0.82 0.72 0.68 0.744
0.87 0.71 0.61 0.734
0.81 0.76 0.65 0.736
0.77 0.8 0.73 0.76
0.85 0.79 0.65 0.758
0.86 0.71 0.55 0.706
0.84 0.73 0.64 0.738
0.78 0.74 0.69 0.736
0.86 0.73 0.75 0.79
0.88 0.77 0.62 0.754
0.81 0.75 0.64 0.73
0.86 0.69 0.69 0.758
0.84 0.68 0.74 0.768
0.91 0.79 0.56 0.746
0.83 0.81 0.66 0.758
0.81 0.69 0.63 0.714
0.82 0.71 0.59 0.706
0.83 0.78 0.71 0.772
0.88 0.75 0.54 0.718
0.85 0.75 0.69 0.766
0.79 0.75 0.68 0.738
0.83 0.72 0.67 0.744
0.84 0.72 0.65 0.74
0.83 0.7 0.62 0.72
0.85 0.74 0.56 0.712
0.85 0.73 0.74 0.782
0.77 0.81 0.68 0.742
0.82 0.8 0.76 0.792
0.82 0.72 0.66 0.736
0.77 0.79 0.63 0.718
0.83 0.79 0.64 0.746
0.83 0.7 0.75 0.772
0.78 0.75 0.6 0.702
0.84 0.75 0.62 0.734
0.79 0.79 0.71 0.758
0.81 0.7 0.67 0.732
0.81 0.73 0.7 0.75
0.79 0.7 0.64 0.712
0.86 0.74 0.65 0.752
0.89 0.7 0.73 0.788
0.82 0.7 0.61 0.712
0.82 0.75 0.77 0.786
0.8 0.76 0.58 0.704
0.79 0.74 0.54 0.68
0.84 0.75 0.66 0.75
0.79 0.71 0.57 0.686
0.85 0.77 0.73 0.786
0.86 0.79 0.63 0.754
0.85 0.77 0.64 0.75
0.84 0.73 0.66 0.746
0.82 0.75 0.82 0.806
0.8 0.78 0.76 0.78
0.8 0.81 0.73 0.774
0.82 0.74 0.74 0.772
0.85 0.73 0.72 0.774
0.8 0.74 0.64 0.724
0.8 0.75 0.62 0.718
0.85 0.77 0.67 0.762
0.84 0.73 0.63 0.734
0.84 0.73 0.72 0.77
0.88 0.76 0.56 0.728
0.83 0.7 0.6 0.712
0.79 0.79 0.77 0.782
0.8 0.76 0.64 0.728
0.88 0.77 0.68 0.778
0.78 0.74 0.69 0.736
0.81 0.78 0.63 0.732
0.87 0.7 0.72 0.776
0.88 0.77 0.66 0.77
0.84 0.76 0.73 0.78
0.88 0.71 0.61 0.738
0.84 0.75 0.7 0.766
0.89 0.76 0.63 0.76
0.88 0.72 0.71 0.78
0.87 0.77 0.84 0.838
0.79 0.78 0.57 0.7
0.82 0.76 0.58 0.712
0.84 0.69 0.67 0.742
0.85 0.71 0.64 0.738
0.85 0.82 0.69 0.78
0.88 0.74 0.61 0.744
0.82 0.79 0.66 0.75
0.82 0.74 0.71 0.76
0.81 0.79 0.69 0.758
0.81 0.77 0.76 0.782
0.8 0.74 0.69 0.744
0.87 0.8 0.79 0.824
0.83 0.76 0.68 0.756
0.86 0.75 0.55 0.714
0.81 0.73 0.6 0.71
0.84 0.74 0.67 0.752
0.79 0.8 0.61 0.72
0.86 0.73 0.51 0.694
0.8 0.72 0.6 0.704
0.85 0.72 0.8 0.804
0.78 0.77 0.72 0.754
0.79 0.74 0.78 0.776
0.79 0.73 0.73 0.754
0.91 0.77 0.78 0.83
0.77 0.72 0.66 0.716
0.83 0.77 0.65 0.746
0.84 0.77 0.71 0.774
0.85 0.78 0.52 0.704
0.87 0.7 0.6 0.728
0.79 0.7 0.53 0.668
0.81 0.76 0.74 0.772
0.81 0.77 0.46 0.662
0.82 0.77 0.66 0.746
0.9 0.74 0.73 0.8
0.85 0.76 0.77 0.8
0.75 0.76 0.77 0.76
0.81 0.77 0.67 0.746
0.84 0.76 0.6 0.728
0.82 0.77 0.61 0.726
0.8 0.76 0.65 0.732
0.84 0.71 0.67 0.746
0.75 0.75 0.58 0.682
0.8 0.7 0.65 0.72
0.8 0.73 0.69 0.742
0.85 0.78 0.78 0.808
0.84 0.68 0.55 0.692
0.83 0.7 0.7 0.752
0.78 0.81 0.7 0.754
0.82 0.79 0.62 0.734
0.88 0.68 0.6 0.728
0.88 0.69 0.72 0.778
0.85 0.79 0.71 0.782
0.84 0.74 0.63 0.736
0.77 0.65 0.71 0.722
0.85 0.77 0.62 0.742
0.81 0.75 0.63 0.726
0.86 0.81 0.72 0.794
0.86 0.79 0.56 0.726
0.82 0.72 0.68 0.744
0.85 0.73 0.59 0.722
0.79 0.76 0.63 0.72
0.8 0.71 0.62 0.71
0.82 0.72 0.67 0.74
0.83 0.71 0.7 0.754
0.83 0.8 0.53 0.704
0.83 0.71 0.71 0.758
0.81 0.76 0.65 0.736
0.88 0.75 0.71 0.786
0.83 0.72 0.63 0.728
0.79 0.75 0.75 0.766
0.81 0.76 0.65 0.736
0.84 0.73 0.6 0.722
0.86 0.75 0.55 0.714
0.83 0.78 0.71 0.772
0.82 0.73 0.77 0.782
0.82 0.78 0.63 0.736
0.84 0.75 0.56 0.71
0.82 0.76 0.68 0.752
0.88 0.78 0.65 0.768
0.84 0.7 0.57 0.704
0.91 0.78 0.66 0.784
0.84 0.74 0.78 0.796
0.79 0.78 0.6 0.712
0.87 0.82 0.74 0.808
0.78 0.74 0.81 0.784
0.86 0.78 0.6 0.74
0.82 0.78 0.61 0.728
0.85 0.71 0.64 0.738
0.81 0.78 0.83 0.812
0.8 0.7 0.73 0.752
0.87 0.72 0.64 0.748
0.86 0.78 0.66 0.764
0.82 0.69 0.79 0.782
0.87 0.78 0.71 0.788
0.87 0.72 0.73 0.784
0.8 0.75 0.65 0.73
0.82 0.74 0.7 0.756
0.8 0.76 0.69 0.748
0.84 0.77 0.64 0.746
0.83 0.72 0.69 0.752
0.87 0.79 0.65 0.766
0.78 0.74 0.73 0.752
0.8 0.74 0.61 0.712
0.84 0.8 0.62 0.744
0.83 0.73 0.69 0.754
0.86 0.72 0.65 0.748
0.79 0.82 0.65 0.74
0.82 0.75 0.57 0.706
0.83 0.67 0.69 0.742
0.85 0.8 0.7 0.78
0.84 0.73 0.54 0.698
0.82 0.76 0.78 0.792
0.89 0.74 0.56 0.728
0.93 0.79 0.6 0.77
0.76 0.73 0.65 0.71
0.87 0.74 0.67 0.764
0.91 0.76 0.61 0.76
0.82 0.74 0.58 0.708
0.84 0.81 0.63 0.75
0.83 0.74 0.8 0.8
0.86 0.76 0.7 0.776
0.79 0.75 0.59 0.702
0.87 0.78 0.68 0.776
0.85 0.78 0.61 0.74
0.9 0.77 0.81 0.838
0.83 0.76 0.55 0.704
0.84 0.7 0.56 0.7
0.82 0.74 0.66 0.74
0.95 0.76 0.68 0.804
0.81 0.77 0.68 0.75
0.89 0.77 0.68 0.782
0.85 0.78 0.69 0.772
0.83 0.79 0.65 0.75
0.76 0.73 0.7 0.73
0.74 0.8 0.66 0.72
0.87 0.75 0.66 0.762
0.83 0.75 0.66 0.746
0.84 0.77 0.66 0.754
0.8 0.7 0.73 0.752
0.81 0.8 0.72 0.772
0.83 0.72 0.66 0.74
0.83 0.75 0.63 0.734
0.87 0.71 0.55 0.71
0.88 0.77 0.66 0.77
0.83 0.71 0.62 0.722
0.85 0.74 0.77 0.796
0.88 0.75 0.61 0.746
0.77 0.77 0.71 0.746
0.79 0.75 0.84 0.802
0.84 0.74 0.54 0.7
0.82 0.76 0.64 0.736
0.79 0.69 0.55 0.674
0.84 0.73 0.62 0.73
0.89 0.75 0.81 0.83
0.88 0.7 0.69 0.768
0.83 0.76 0.66 0.748
0.87 0.81 0.71 0.794
0.85 0.77 0.6 0.734
0.83 0.73 0.58 0.71
0.84 0.79 0.7 0.774
0.84 0.77 0.64 0.746
0.82 0.8 0.79 0.804
0.82 0.74 0.75 0.776
0.77 0.75 0.71 0.742
0.85 0.73 0.66 0.75
0.88 0.74 0.69 0.776
0.81 0.7 0.73 0.756
0.78 0.82 0.51 0.68
0.82 0.81 0.66 0.754
0.87 0.79 0.66 0.77
0.81 0.74 0.73 0.764
0.9 0.74 0.59 0.744
0.82 0.72 0.63 0.724
0.78 0.77 0.6 0.706
0.86 0.69 0.59 0.718
0.83 0.72 0.6 0.716
0.86 0.74 0.69 0.768
0.83 0.77 0.86 0.83
0.83 0.73 0.71 0.762
0.84 0.79 0.71 0.778
0.87 0.75 0.63 0.75
0.89 0.78 0.77 0.82
0.89 0.78 0.69 0.788
0.79 0.72 0.66 0.724
0.84 0.76 0.7 0.768
0.87 0.73 0.63 0.746
0.88 0.73 0.74 0.794
0.85 0.75 0.71 0.774
0.87 0.7 0.71 0.772
0.79 0.76 0.64 0.724
0.82 0.71 0.69 0.746
0.84 0.77 0.7 0.77
0.79 0.8 0.62 0.724
0.85 0.81 0.74 0.798
0.81 0.77 0.81 0.802
0.82 0.81 0.78 0.802
0.77 0.7 0.63 0.7
0.81 0.73 0.63 0.722
0.8 0.72 0.61 0.708
0.9 0.75 0.68 0.782
0.77 0.73 0.61 0.698
0.87 0.74 0.58 0.728
0.84 0.75 0.53 0.698
0.85 0.76 0.53 0.704
0.85 0.73 0.68 0.758
0.84 0.81 0.6 0.738
0.75 0.79 0.71 0.742
0.81 0.74 0.75 0.772
0.84 0.8 0.61 0.74
0.86 0.77 0.62 0.746
0.81 0.76 0.69 0.752
0.82 0.79 0.64 0.742
0.85 0.74 0.61 0.732
0.81 0.69 0.63 0.714
0.87 0.79 0.62 0.754
0.85 0.78 0.59 0.732
0.83 0.73 0.61 0.722
0.83 0.78 0.71 0.772
0.83 0.8 0.66 0.756
0.87 0.76 0.64 0.756
0.87 0.73 0.63 0.746
0.84 0.74 0.65 0.744
0.84 0.73 0.63 0.734
0.83 0.77 0.72 0.774
0.86 0.76 0.73 0.788
0.84 0.83 0.62 0.75
0.85 0.74 0.64 0.744
0.86 0.73 0.72 0.778
0.84 0.8 0.68 0.768
0.84 0.73 0.76 0.786
0.81 0.82 0.81 0.812
0.82 0.71 0.82 0.798
0.86 0.82 0.58 0.74
0.87 0.75 0.74 0.794
0.85 0.8 0.61 0.744
0.8 0.75 0.67 0.738
0.92 0.73 0.74 0.81
0.85 0.78 0.63 0.748
0.82 0.78 0.73 0.776
0.86 0.8 0.62 0.752
0.8 0.74 0.7 0.748
0.93 0.74 0.8 0.84
0.84 0.76 0.76 0.792
0.79 0.75 0.63 0.718
0.85 0.75 0.62 0.738
0.75 0.76 0.68 0.724
0.78 0.75 0.73 0.754
0.83 0.72 0.63 0.728
0.82 0.76 0.62 0.728
0.85 0.7 0.65 0.74
0.85 0.74 0.71 0.772
0.85 0.78 0.75 0.796
0.81 0.77 0.55 0.698
0.75 0.74 0.72 0.736
0.87 0.7 0.74 0.784
0.82 0.72 0.65 0.732
0.91 0.78 0.59 0.756
0.77 0.76 0.63 0.712
0.85 0.69 0.61 0.722
0.81 0.74 0.67 0.74
0.82 0.74 0.63 0.728
0.84 0.74 0.64 0.74
0.8 0.73 0.72 0.754
0.84 0.83 0.62 0.75
0.86 0.69 0.74 0.778
0.8 0.7 0.59 0.696
0.79 0.78 0.68 0.744
0.87 0.74 0.73 0.788
0.8 0.77 0.75 0.774
0.86 0.69 0.75 0.782
0.85 0.76 0.59 0.728
0.86 0.73 0.78 0.802
0.81 0.77 0.62 0.726
0.85 0.75 0.79 0.806
0.87 0.75 0.58 0.73
0.82 0.76 0.65 0.74
0.81 0.77 0.65 0.738
0.89 0.73 0.64 0.758
0.78 0.76 0.68 0.736
0.82 0.8 0.6 0.728
0.81 0.72 0.65 0.728
0.85 0.68 0.65 0.736
0.81 0.72 0.51 0.672
0.9 0.71 0.65 0.762
0.87 0.7 0.73 0.78
0.84 0.72 0.57 0.708
0.81 0.7 0.56 0.688
0.89 0.75 0.72 0.794
0.82 0.69 0.68 0.738
0.85 0.7 0.64 0.736
0.81 0.67 0.63 0.71
0.78 0.7 0.64 0.708
0.8 0.74 0.69 0.744
0.82 0.74 0.85 0.816
0.8 0.81 0.63 0.734
0.82 0.73 0.62 0.722
0.83 0.73 0.67 0.746
0.84 0.77 0.77 0.798
0.8 0.72 0.62 0.712
0.81 0.73 0.72 0.758
0.81 0.71 0.59 0.702
0.81 0.7 0.72 0.752
0.86 0.77 0.54 0.714
0.87 0.77 0.72 0.79
0.9 0.75 0.6 0.75
0.84 0.72 0.59 0.716
0.89 0.74 0.65 0.764
0.87 0.75 0.62 0.746
0.87 0.74 0.69 0.772
0.83 0.75 0.83 0.814
0.81 0.77 0.67 0.746
0.82 0.73 0.7 0.754
0.79 0.77 0.74 0.766
0.83 0.76 0.82 0.812
0.89 0.69 0.68 0.766
0.8 0.79 0.56 0.702
0.88 0.73 0.74 0.794
0.87 0.69 0.53 0.698
0.75 0.78 0.73 0.748
0.84 0.74 0.62 0.732
0.84 0.79 0.77 0.802
0.81 0.74 0.73 0.764
0.82 0.77 0.61 0.726
0.87 0.69 0.58 0.718
0.78 0.76 0.6 0.704
0.77 0.67 0.73 0.734
0.86 0.78 0.71 0.784
0.88 0.77 0.67 0.774
0.92 0.71 0.68 0.782
0.81 0.77 0.61 0.722
0.77 0.77 0.7 0.742
0.89 0.77 0.58 0.742
0.82 0.71 0.72 0.758
0.77 0.76 0.59 0.696
0.85 0.73 0.82 0.814
0.82 0.75 0.75 0.778
0.87 0.68 0.71 0.768
0.86 0.78 0.71 0.784
0.81 0.79 0.6 0.722
0.78 0.7 0.76 0.756
0.82 0.72 0.66 0.736
0.8 0.78 0.72 0.764
0.79 0.73 0.67 0.73
0.83 0.75 0.73 0.774
0.83 0.78 0.71 0.772
0.85 0.76 0.66 0.756
0.81 0.76 0.71 0.76
0.8 0.74 0.56 0.692
0.76 0.77 0.71 0.742
0.85 0.7 0.71 0.764
0.84 0.76 0.69 0.764
0.79 0.74 0.8 0.784
0.8 0.7 0.62 0.708
0.85 0.77 0.7 0.774
0.8 0.72 0.59 0.7
0.86 0.76 0.71 0.78
0.84 0.76 0.77 0.796
0.8 0.73 0.68 0.738
0.86 0.74 0.65 0.752
0.82 0.72 0.71 0.756
0.83 0.8 0.7 0.772
0.82 0.77 0.57 0.71
0.83 0.75 0.82 0.81
0.89 0.76 0.68 0.78
0.85 0.73 0.65 0.746
0.84 0.79 0.64 0.75
0.84 0.77 0.75 0.79
0.77 0.8 0.81 0.792
0.9 0.76 0.63 0.764
0.92 0.8 0.66 0.792
0.81 0.79 0.61 0.726
0.84 0.74 0.73 0.776
0.81 0.77 0.69 0.754
0.82 0.76 0.72 0.768
0.89 0.77 0.61 0.754
0.84 0.75 0.72 0.774
0.81 0.74 0.59 0.708
0.82 0.76 0.79 0.796
0.76 0.78 0.67 0.728
0.8 0.79 0.73 0.77
0.78 0.69 0.69 0.726
0.85 0.76 0.66 0.756
0.77 0.75 0.59 0.694
0.82 0.74 0.62 0.724
0.83 0.76 0.73 0.776
0.82 0.76 0.63 0.732
0.81 0.74 0.64 0.728
0.84 0.77 0.67 0.758
0.83 0.74 0.69 0.756
0.8 0.68 0.71 0.74
0.84 0.79 0.72 0.782
0.82 0.75 0.64 0.734
0.79 0.78 0.69 0.748
0.86 0.8 0.74 0.8
0.83 0.74 0.7 0.76
0.78 0.7 0.79 0.768
0.86 0.73 0.64 0.746
0.83 0.74 0.68 0.752
0.87 0.75 0.67 0.766
0.83 0.73 0.7 0.758
0.81 0.7 0.59 0.7
0.81 0.78 0.7 0.76
0.8 0.76 0.68 0.744
0.82 0.81 0.67 0.758
0.83 0.77 0.73 0.778
0.88 0.77 0.7 0.786
0.78 0.78 0.71 0.752
0.81 0.76 0.69 0.752
0.86 0.75 0.59 0.73
0.82 0.73 0.71 0.758
0.82 0.74 0.66 0.74
0.84 0.79 0.62 0.742
0.82 0.79 0.69 0.762
0.88 0.79 0.71 0.794
0.82 0.78 0.71 0.768
0.82 0.73 0.68 0.746
0.84 0.77 0.66 0.754
0.86 0.75 0.62 0.742
0.82 0.74 0.58 0.708
0.83 0.71 0.66 0.738
0.8 0.73 0.7 0.746
0.81 0.8 0.74 0.78
0.88 0.79 0.7 0.79
0.83 0.73 0.69 0.754
0.84 0.76 0.62 0.736
0.91 0.77 0.59 0.754
0.86 0.77 0.72 0.786
0.9 0.78 0.7 0.796
0.83 0.78 0.61 0.732
0.78 0.76 0.61 0.708
0.8 0.7 0.74 0.756
0.83 0.79 0.69 0.766
0.86 0.73 0.74 0.786
0.84 0.77 0.75 0.79
0.83 0.71 0.73 0.766
0.87 0.78 0.61 0.748
0.91 0.73 0.67 0.778
0.82 0.76 0.64 0.736
0.83 0.73 0.56 0.702
0.79 0.72 0.65 0.72
0.8 0.73 0.58 0.698
0.82 0.77 0.76 0.786
0.88 0.7 0.72 0.78
0.85 0.75 0.62 0.738
0.86 0.79 0.74 0.798
0.81 0.72 0.74 0.764
0.84 0.77 0.73 0.782
0.83 0.73 0.71 0.762
0.86 0.7 0.65 0.744
0.82 0.79 0.77 0.794
0.84 0.78 0.55 0.712
0.86 0.75 0.72 0.782
0.8 0.71 0.68 0.734
0.83 0.76 0.56 0.708
0.87 0.79 0.68 0.778
0.88 0.76 0.68 0.776
0.87 0.78 0.64 0.76
0.84 0.76 0.7 0.768
0.8 0.79 0.72 0.766
0.84 0.7 0.75 0.776
0.84 0.78 0.62 0.74
0.83 0.78 0.68 0.76
0.83 0.76 0.62 0.732
0.79 0.71 0.84 0.794
0.79 0.73 0.61 0.706
0.88 0.73 0.63 0.75
0.88 0.8 0.55 0.732
0.85 0.76 0.74 0.788
0.85 0.79 0.67 0.766
0.89 0.8 0.61 0.76
0.8 0.73 0.77 0.774
0.9 0.73 0.77 0.814
0.81 0.73 0.61 0.714
0.83 0.74 0.81 0.804
0.88 0.79 0.68 0.782
0.85 0.76 0.67 0.76
0.76 0.73 0.65 0.71
0.85 0.78 0.55 0.716
0.86 0.72 0.74 0.784
0.84 0.78 0.8 0.812
0.81 0.77 0.74 0.774
0.9 0.75 0.6 0.75
0.84 0.76 0.71 0.772
0.86 0.74 0.68 0.764
0.84 0.79 0.71 0.778
0.87 0.73 0.78 0.806
0.81 0.77 0.7 0.758
0.82 0.7 0.56 0.692
0.79 0.73 0.68 0.734
0.86 0.81 0.71 0.79
0.84 0.74 0.58 0.716
0.88 0.73 0.79 0.814
0.84 0.74 0.59 0.72
0.8 0.74 0.68 0.74
0.81 0.74 0.75 0.772
0.83 0.73 0.6 0.718
0.79 0.72 0.5 0.66
0.84 0.66 0.56 0.692
0.79 0.75 0.5 0.666
0.8 0.76 0.83 0.804
0.83 0.75 0.62 0.73
0.85 0.69 0.66 0.742
0.83 0.71 0.61 0.718
0.84 0.73 0.57 0.71
0.82 0.84 0.65 0.756
0.85 0.74 0.57 0.716
0.86 0.74 0.65 0.752
0.78 0.77 0.64 0.722
0.86 0.76 0.67 0.764
0.85 0.73 0.62 0.734
0.84 0.71 0.59 0.714
0.83 0.78 0.66 0.752
0.75 0.77 0.58 0.686
0.83 0.78 0.63 0.74
0.83 0.79 0.67 0.758
0.86 0.74 0.64 0.748
0.86 0.78 0.67 0.768
0.83 0.78 0.59 0.724
0.77 0.68 0.69 0.72
0.89 0.82 0.67 0.788
0.86 0.76 0.55 0.716
0.88 0.71 0.74 0.79
0.85 0.72 0.7 0.764
0.84 0.78 0.67 0.76
0.8 0.77 0.6 0.714
0.8 0.73 0.67 0.734
0.83 0.75 0.64 0.738
0.79 0.75 0.74 0.762
0.84 0.83 0.62 0.75
0.83 0.76 0.71 0.768
0.83 0.76 0.64 0.74
0.84 0.8 0.61 0.74
0.85 0.71 0.75 0.782
0.83 0.75 0.72 0.77
0.81 0.71 0.71 0.75
0.81 0.73 0.78 0.782
0.78 0.8 0.7 0.752
0.82 0.74 0.76 0.78
0.87 0.73 0.58 0.726
0.77 0.79 0.71 0.75
0.83 0.74 0.69 0.756
0.84 0.8 0.67 0.764
0.87 0.77 0.61 0.746
0.83 0.69 0.66 0.734
0.84 0.72 0.62 0.728
0.81 0.78 0.53 0.692
0.82 0.7 0.41 0.632
0.87 0.77 0.64 0.758
0.85 0.75 0.66 0.754
0.84 0.73 0.56 0.706
0.82 0.69 0.65 0.726
0.81 0.76 0.74 0.772
0.82 0.73 0.65 0.734
0.82 0.7 0.7 0.748
0.81 0.76 0.69 0.752
0.86 0.77 0.63 0.75
0.8 0.77 0.76 0.778
0.9 0.78 0.72 0.804
0.84 0.76 0.77 0.796
0.81 0.77 0.73 0.77
0.91 0.72 0.57 0.736
0.82 0.74 0.56 0.7
0.81 0.75 0.76 0.778
0.83 0.71 0.7 0.754
0.85 0.82 0.68 0.776
0.83 0.76 0.68 0.756
0.82 0.72 0.6 0.712
0.83 0.71 0.7 0.754
0.85 0.74 0.65 0.748
0.8 0.73 0.8 0.786
0.75 0.78 0.64 0.712
0.79 0.74 0.76 0.768
0.82 0.73 0.59 0.71
0.86 0.75 0.81 0.818
0.81 0.74 0.64 0.728
0.79 0.77 0.64 0.726
0.85 0.73 0.66 0.75
0.84 0.75 0.69 0.762
0.85 0.76 0.55 0.712
0.83 0.72 0.64 0.732
0.86 0.75 0.65 0.754
0.72 0.79 0.64 0.702
0.88 0.73 0.7 0.778
0.8 0.74 0.7 0.748
0.82 0.75 0.62 0.726
0.81 0.76 0.69 0.752
0.84 0.76 0.69 0.764
0.86 0.8 0.53 0.716
0.86 0.73 0.56 0.714
0.8 0.72 0.77 0.772
0.89 0.75 0.8 0.826
0.81 0.82 0.62 0.736
0.85 0.79 0.72 0.786
0.83 0.71 0.8 0.794
0.87 0.73 0.77 0.802
0.83 0.72 0.64 0.732
0.81 0.8 0.61 0.728
0.8 0.75 0.75 0.77
0.86 0.74 0.61 0.736
0.86 0.8 0.76 0.808
0.85 0.81 0.63 0.754
0.81 0.75 0.61 0.718
0.83 0.74 0.71 0.764
0.84 0.71 0.63 0.73
0.8 0.75 0.72 0.758
0.81 0.79 0.56 0.706
0.87 0.8 0.58 0.74
0.81 0.74 0.68 0.744
0.88 0.69 0.69 0.766
0.87 0.72 0.57 0.72
0.83 0.76 0.71 0.768
0.86 0.77 0.63 0.75
0.85 0.77 0.71 0.778
0.77 0.75 0.76 0.762
0.77 0.76 0.58 0.692
0.84 0.73 0.67 0.75
0.89 0.77 0.66 0.774
0.85 0.7 0.63 0.732
0.76 0.71 0.67 0.714
0.85 0.75 0.69 0.766
0.84 0.78 0.68 0.764
0.81 0.72 0.8 0.788
0.9 0.71 0.57 0.73
0.86 0.74 0.61 0.736
0.86 0.69 0.75 0.782
0.83 0.74 0.68 0.752
0.85 0.75 0.65 0.75
0.83 0.76 0.66 0.748
0.88 0.79 0.64 0.766
0.82 0.82 0.64 0.748
0.75 0.76 0.63 0.704
0.83 0.76 0.6 0.724
0.9 0.7 0.64 0.756
0.85 0.7 0.62 0.728
0.86 0.75 0.58 0.726
0.86 0.77 0.74 0.794
0.81 0.74 0.68 0.744
0.9 0.77 0.63 0.766
0.81 0.76 0.62 0.724
0.81 0.75 0.64 0.73
0.78 0.78 0.89 0.824
0.83 0.75 0.7 0.762
0.83 0.8 0.78 0.804
0.84 0.79 0.77 0.802
0.77 0.82 0.74 0.768
0.84 0.78 0.69 0.768
0.78 0.78 0.68 0.74
0.92 0.8 0.67 0.796
0.85 0.76 0.77 0.8
0.82 0.69 0.62 0.714
0.87 0.69 0.69 0.762
0.84 0.77 0.62 0.738
0.83 0.75 0.7 0.762
0.84 0.68 0.68 0.744
0.82 0.79 0.64 0.742
0.81 0.75 0.77 0.782
0.82 0.79 0.73 0.778
0.87 0.73 0.76 0.798
0.87 0.79 0.65 0.766
0.86 0.76 0.76 0.8
0.84 0.71 0.64 0.734
0.86 0.75 0.67 0.762
0.89 0.78 0.69 0.788
0.79 0.74 0.69 0.74
0.86 0.81 0.7 0.786
0.89 0.73 0.6 0.742
0.8 0.74 0.56 0.692
0.78 0.72 0.65 0.716
0.85 0.78 0.71 0.78
0.84 0.81 0.64 0.754
0.78 0.77 0.79 0.782
0.88 0.77 0.61 0.75
0.83 0.69 0.73 0.762
0.8 0.77 0.71 0.758
0.84 0.74 0.73 0.776
0.8 0.79 0.69 0.754
0.82 0.74 0.69 0.752
0.87 0.74 0.74 0.792
0.82 0.72 0.75 0.772
0.84 0.74 0.56 0.708
0.81 0.75 0.68 0.746
0.79 0.71 0.67 0.726
0.8 0.77 0.66 0.738
0.85 0.72 0.66 0.748
0.92 0.73 0.63 0.766
0.84 0.76 0.58 0.72
0.87 0.77 0.69 0.778
0.81 0.73 0.72 0.758
0.87 0.73 0.59 0.73
0.81 0.72 0.58 0.7
0.72 0.81 0.65 0.71
0.83 0.72 0.67 0.744
0.81 0.79 0.6 0.722
0.86 0.83 0.78 0.822
0.82 0.79 0.65 0.746
0.78 0.75 0.64 0.718
0.8 0.77 0.62 0.722
0.78 0.73 0.69 0.734
0.83 0.79 0.66 0.754
0.87 0.79 0.62 0.754
0.82 0.72 0.75 0.772
0.8 0.77 0.67 0.742
0.84 0.72 0.81 0.804
0.83 0.75 0.77 0.79
0.86 0.71 0.6 0.726
0.88 0.69 0.8 0.81
0.84 0.73 0.69 0.758
0.83 0.73 0.72 0.766
0.85 0.75 0.65 0.75
0.89 0.74 0.65 0.764
0.83 0.79 0.66 0.754
0.8 0.79 0.69 0.754
0.82 0.72 0.73 0.764
0.78 0.76 0.58 0.696
0.8 0.72 0.68 0.736
0.9 0.72 0.6 0.744
0.84 0.76 0.62 0.736
0.87 0.69 0.65 0.746
0.84 0.73 0.57 0.71
0.85 0.76 0.6 0.732
0.84 0.75 0.52 0.694
0.75 0.8 0.65 0.72
0.84 0.73 0.68 0.754
0.85 0.68 0.58 0.708
0.74 0.79 0.8 0.774
0.86 0.8 0.64 0.76
0.87 0.72 0.64 0.748
0.78 0.75 0.7 0.742
0.75 0.76 0.64 0.708
0.82 0.79 0.56 0.71
0.88 0.75 0.64 0.758
0.88 0.72 0.64 0.752
0.85 0.76 0.65 0.752
0.81 0.75 0.69 0.75
0.84 0.78 0.73 0.784
0.82 0.74 0.82 0.804
0.93 0.76 0.56 0.748
0.9 0.75 0.61 0.754
0.86 0.78 0.58 0.732
0.85 0.74 0.63 0.74
0.82 0.8 0.62 0.736
0.84 0.79 0.57 0.722
0.82 0.75 0.7 0.758
0.83 0.75 0.71 0.766
0.8 0.73 0.67 0.734
0.8 0.76 0.79 0.788
0.86 0.72 0.7 0.768
0.86 0.8 0.72 0.792
0.86 0.74 0.54 0.708
0.81 0.73 0.57 0.698
0.82 0.75 0.56 0.702
0.77 0.7 0.66 0.712
0.83 0.73 0.65 0.738
0.82 0.77 0.72 0.77
0.8 0.79 0.65 0.738
0.81 0.8 0.68 0.756
0.81 0.73 0.65 0.73
0.87 0.74 0.68 0.768
0.89 0.77 0.57 0.738
0.81 0.67 0.67 0.726
0.87 0.7 0.71 0.772
0.85 0.75 0.59 0.726
0.85 0.83 0.63 0.758
0.76 0.8 0.62 0.712
0.86 0.8 0.81 0.828
0.8 0.72 0.64 0.72
0.91 0.76 0.67 0.784
0.87 0.74 0.6 0.736
0.88 0.78 0.58 0.74
0.9 0.76 0.73 0.804
0.9 0.7 0.76 0.804
0.81 0.79 0.73 0.774
0.81 0.77 0.65 0.738
0.8 0.72 0.72 0.752
0.85 0.78 0.72 0.784
0.84 0.78 0.69 0.768
0.87 0.72 0.67 0.76
0.82 0.72 0.74 0.768
0.83 0.71 0.75 0.774
0.84 0.71 0.63 0.73
0.88 0.75 0.71 0.786
0.79 0.7 0.74 0.752
0.8 0.73 0.77 0.774
0.83 0.75 0.77 0.79
0.86 0.76 0.68 0.768
0.8 0.77 0.57 0.702
0.84 0.76 0.65 0.748
0.83 0.74 0.77 0.788
0.76 0.76 0.58 0.688
0.92 0.76 0.59 0.756
0.82 0.79 0.69 0.762
0.77 0.78 0.78 0.776
0.8 0.73 0.69 0.742
0.8 0.74 0.61 0.712
0.87 0.8 0.67 0.776
0.79 0.78 0.67 0.74
0.89 0.78 0.65 0.772
0.86 0.68 0.74 0.776
0.76 0.82 0.66 0.732
0.82 0.74 0.68 0.748
0.81 0.72 0.68 0.74
0.86 0.65 0.61 0.718
0.85 0.79 0.7 0.778
0.82 0.69 0.7 0.746
0.78 0.74 0.55 0.68
0.83 0.79 0.61 0.734
0.85 0.69 0.59 0.714
0.9 0.8 0.67 0.788
0.88 0.71 0.61 0.738
0.87 0.78 0.72 0.792
0.86 0.8 0.61 0.748
0.87 0.82 0.72 0.8
0.83 0.73 0.71 0.762
0.8 0.71 0.75 0.762
0.82 0.74 0.66 0.74
0.79 0.74 0.57 0.692
0.84 0.71 0.63 0.73
0.81 0.83 0.7 0.77
0.77 0.73 0.71 0.738
0.82 0.73 0.71 0.758
0.82 0.71 0.67 0.738
0.87 0.78 0.67 0.772
0.9 0.71 0.78 0.814
0.85 0.72 0.64 0.74
0.82 0.77 0.59 0.718
0.88 0.73 0.68 0.77
0.83 0.75 0.73 0.774
0.88 0.71 0.61 0.738
0.83 0.73 0.63 0.73
0.9 0.75 0.71 0.794
0.81 0.77 0.58 0.71
0.82 0.7 0.68 0.74
0.83 0.78 0.71 0.772
0.83 0.73 0.68 0.75
0.83 0.74 0.77 0.788
0.88 0.75 0.71 0.786
0.78 0.78 0.77 0.776
0.89 0.78 0.72 0.8
0.85 0.71 0.77 0.79
0.83 0.72 0.72 0.764
0.8 0.72 0.69 0.74
0.85 0.8 0.61 0.744
0.8 0.7 0.65 0.72
0.82 0.73 0.76 0.778
0.88 0.75 0.67 0.77
0.83 0.75 0.72 0.77
0.88 0.77 0.69 0.782
0.78 0.69 0.58 0.682
0.85 0.76 0.65 0.752
0.83 0.73 0.62 0.726
0.77 0.8 0.72 0.756
0.79 0.8 0.61 0.72
0.84 0.71 0.69 0.754
0.83 0.75 0.7 0.762
0.77 0.75 0.64 0.714
0.84 0.69 0.6 0.714
0.83 0.77 0.59 0.722
0.87 0.72 0.66 0.756
0.88 0.7 0.65 0.752
0.84 0.77 0.68 0.762
0.79 0.71 0.69 0.734
0.84 0.76 0.68 0.76
0.83 0.71 0.6 0.714
0.81 0.81 0.61 0.73
0.83 0.72 0.6 0.716
0.82 0.7 0.68 0.74
0.81 0.81 0.7 0.766
0.85 0.74 0.67 0.756
0.78 0.77 0.64 0.722
0.83 0.73 0.57 0.706
0.83 0.7 0.54 0.688
0.86 0.71 0.54 0.702
0.82 0.8 0.62 0.736
0.8 0.75 0.66 0.734
0.81 0.79 0.66 0.746
0.83 0.73 0.6 0.718
0.78 0.64 0.7 0.72
0.79 0.76 0.75 0.768
0.89 0.72 0.61 0.744
0.83 0.76 0.71 0.768
0.88 0.74 0.58 0.732
0.83 0.72 0.68 0.748
0.81 0.67 0.78 0.77
0.87 0.78 0.75 0.804
0.86 0.76 0.55 0.716
0.86 0.78 0.59 0.736
0.83 0.76 0.7 0.764
0.87 0.75 0.55 0.718
0.86 0.77 0.68 0.77
0.8 0.82 0.78 0.796
0.79 0.74 0.68 0.736
0.83 0.77 0.71 0.77
0.88 0.74 0.55 0.72
0.83 0.75 0.73 0.774
0.78 0.77 0.65 0.726
0.88 0.72 0.58 0.728
0.86 0.69 0.83 0.814
0.83 0.79 0.63 0.742
0.84 0.75 0.62 0.734
0.8 0.82 0.59 0.72
0.87 0.74 0.68 0.768
0.83 0.78 0.67 0.756
0.89 0.72 0.66 0.764
0.85 0.7 0.63 0.732
0.9 0.72 0.69 0.78
0.82 0.74 0.65 0.736
0.83 0.77 0.69 0.762
0.85 0.7 0.56 0.704
0.8 0.76 0.66 0.736
0.79 0.76 0.64 0.724
0.76 0.8 0.7 0.744
0.87 0.74 0.59 0.732
0.89 0.81 0.77 0.826
0.8 0.75 0.8 0.79
0.85 0.73 0.8 0.806
0.9 0.76 0.7 0.792
0.82 0.75 0.7 0.758
0.82 0.69 0.71 0.75
0.81 0.77 0.7 0.758
0.84 0.78 0.63 0.744
0.84 0.75 0.68 0.758
0.88 0.74 0.65 0.76
0.88 0.72 0.71 0.78
0.87 0.76 0.66 0.764
0.86 0.77 0.74 0.794
0.83 0.8 0.63 0.744
0.84 0.8 0.55 0.716
0.82 0.74 0.6 0.716
0.76 0.73 0.74 0.746
0.84 0.73 0.68 0.754
0.81 0.76 0.66 0.74
0.87 0.74 0.61 0.74
0.83 0.79 0.66 0.754
0.83 0.71 0.67 0.742
0.82 0.79 0.69 0.762
0.86 0.7 0.56 0.708
0.87 0.7 0.61 0.732
0.84 0.72 0.77 0.788
0.79 0.69 0.49 0.65
0.83 0.73 0.64 0.734
0.85 0.75 0.63 0.742
0.88 0.72 0.71 0.78
0.83 0.73 0.6 0.718
0.88 0.74 0.63 0.752
0.83 0.82 0.81 0.82
0.81 0.79 0.66 0.746
0.84 0.75 0.72 0.774
0.79 0.73 0.73 0.754
0.86 0.73 0.61 0.734
0.82 0.74 0.76 0.78
0.79 0.77 0.67 0.738
0.76 0.75 0.66 0.718
0.82 0.81 0.72 0.778
0.83 0.71 0.66 0.738
0.82 0.74 0.7 0.756
0.83 0.77 0.75 0.786
0.84 0.73 0.54 0.698
0.8 0.73 0.72 0.754
0.84 0.77 0.72 0.778
0.8 0.77 0.58 0.706
0.84 0.82 0.78 0.812
0.88 0.76 0.64 0.76
0.8 0.78 0.67 0.744
0.84 0.74 0.54 0.7
0.81 0.81 0.67 0.754
0.76 0.78 0.69 0.736
0.83 0.84 0.59 0.736
0.81 0.7 0.65 0.724
0.85 0.76 0.72 0.78
0.85 0.75 0.59 0.726
0.87 0.7 0.68 0.76
0.78 0.81 0.63 0.726
0.88 0.72 0.71 0.78
0.84 0.72 0.7 0.76
0.85 0.71 0.77 0.79
0.84 0.72 0.66 0.744
0.87 0.75 0.61 0.742
0.89 0.73 0.59 0.738
0.8 0.83 0.69 0.762
0.78 0.74 0.72 0.748
0.91 0.78 0.66 0.784
0.73 0.75 0.67 0.71
0.88 0.74 0.59 0.736
0.91 0.78 0.74 0.816
0.86 0.68 0.66 0.744
0.84 0.78 0.71 0.776
0.8 0.69 0.52 0.666
0.84 0.77 0.69 0.766
0.8 0.74 0.68 0.74
0.83 0.71 0.72 0.762
0.78 0.76 0.59 0.7
0.87 0.74 0.65 0.756
0.86 0.76 0.68 0.768
0.86 0.79 0.69 0.778
0.86 0.7 0.52 0.692
0.81 0.75 0.54 0.69
0.86 0.75 0.6 0.734
0.86 0.79 0.79 0.818
0.83 0.72 0.68 0.748
0.8 0.73 0.51 0.67
0.85 0.74 0.77 0.796
0.83 0.77 0.72 0.774
0.86 0.69 0.67 0.75
0.86 0.77 0.66 0.762
0.86 0.75 0.68 0.766
0.82 0.79 0.65 0.746
0.82 0.77 0.73 0.774
0.8 0.76 0.8 0.792
0.75 0.74 0.61 0.692
0.83 0.69 0.75 0.77
0.81 0.76 0.67 0.744
0.81 0.8 0.72 0.772
0.74 0.77 0.77 0.758
0.83 0.77 0.6 0.726
0.81 0.81 0.68 0.758
0.85 0.75 0.65 0.75
0.82 0.75 0.65 0.738
0.87 0.74 0.6 0.736
0.8 0.72 0.67 0.732
0.85 0.71 0.58 0.714
0.84 0.75 0.66 0.75
0.81 0.72 0.58 0.7
0.81 0.7 0.7 0.744
0.83 0.74 0.65 0.74
0.8 0.75 0.73 0.762
0.84 0.75 0.7 0.766
0.84 0.71 0.66 0.742
0.87 0.8 0.56 0.732
0.85 0.78 0.61 0.74
0.83 0.74 0.63 0.732
0.83 0.75 0.73 0.774
0.87 0.78 0.68 0.776
0.8 0.79 0.68 0.75
0.85 0.74 0.77 0.796
0.88 0.75 0.59 0.738
0.82 0.75 0.6 0.718
0.84 0.73 0.69 0.758
0.81 0.8 0.6 0.724
0.85 0.77 0.71 0.778
0.82 0.77 0.58 0.714
0.91 0.7 0.76 0.808
0.87 0.76 0.57 0.728
0.81 0.74 0.63 0.724
0.73 0.74 0.65 0.7
0.85 0.79 0.58 0.73
0.85 0.76 0.75 0.792
0.9 0.74 0.54 0.724
0.82 0.74 0.53 0.688
0.84 0.74 0.66 0.748
0.81 0.76 0.73 0.768
0.83 0.72 0.63 0.728
0.87 0.73 0.74 0.79
0.83 0.75 0.69 0.758
0.83 0.74 0.74 0.776
0.85 0.75 0.59 0.726
0.85 0.75 0.56 0.714
0.81 0.81 0.63 0.738
0.85 0.78 0.69 0.772
0.86 0.72 0.72 0.776
0.82 0.77 0.72 0.77
0.82 0.76 0.63 0.732
0.81 0.79 0.65 0.742
0.76 0.75 0.72 0.742
0.8 0.77 0.69 0.75
0.87 0.81 0.71 0.794
0.85 0.72 0.7 0.764
0.84 0.71 0.63 0.73
0.86 0.74 0.67 0.76
0.9 0.71 0.67 0.77
0.84 0.77 0.66 0.754
0.83 0.72 0.67 0.744
0.82 0.71 0.66 0.734
0.77 0.74 0.7 0.736
0.78 0.77 0.72 0.754
0.87 0.77 0.66 0.766
0.84 0.8 0.55 0.716
0.82 0.77 0.58 0.714
0.85 0.73 0.72 0.774
0.85 0.82 0.8 0.824
0.81 0.76 0.59 0.712
0.8 0.72 0.73 0.756
0.84 0.7 0.71 0.76
0.83 0.77 0.72 0.774
0.85 0.73 0.62 0.734
0.82 0.75 0.62 0.726
0.85 0.76 0.66 0.756
0.81 0.74 0.69 0.748
0.83 0.74 0.66 0.744
0.87 0.79 0.62 0.754
0.77 0.72 0.62 0.7
0.79 0.75 0.66 0.73
0.81 0.76 0.68 0.748
0.85 0.77 0.59 0.73
0.84 0.77 0.65 0.75
0.82 0.78 0.77 0.792
0.77 0.77 0.72 0.75
0.82 0.77 0.69 0.758
0.88 0.76 0.83 0.836
0.78 0.69 0.71 0.734
0.86 0.79 0.73 0.794
0.87 0.81 0.55 0.73
0.93 0.7 0.77 0.82
0.8 0.77 0.6 0.714
0.86 0.71 0.83 0.818
0.83 0.75 0.56 0.706
0.85 0.73 0.72 0.774
0.89 0.78 0.64 0.768
0.81 0.8 0.73 0.776
0.86 0.74 0.63 0.744
0.83 0.75 0.74 0.778
0.87 0.78 0.71 0.788
0.87 0.75 0.68 0.77
0.79 0.76 0.56 0.692
0.81 0.74 0.78 0.784
0.86 0.7 0.66 0.748
0.82 0.75 0.58 0.71
0.8 0.79 0.67 0.746
0.87 0.77 0.7 0.782
0.85 0.76 0.65 0.752
0.83 0.72 0.5 0.676
0.88 0.79 0.7 0.79
0.85 0.77 0.69 0.77
0.79 0.76 0.69 0.744
0.76 0.79 0.73 0.754
0.82 0.72 0.63 0.724
0.82 0.73 0.59 0.71
0.83 0.78 0.6 0.728
0.85 0.77 0.8 0.814
0.85 0.68 0.69 0.752
0.76 0.74 0.55 0.672
0.81 0.77 0.66 0.742
0.81 0.75 0.7 0.754
0.87 0.82 0.5 0.712
0.83 0.74 0.72 0.768
0.85 0.69 0.62 0.726
0.83 0.75 0.59 0.718
0.85 0.86 0.69 0.788
0.82 0.76 0.65 0.74
0.85 0.71 0.64 0.738
0.84 0.74 0.59 0.72
0.88 0.7 0.65 0.752
0.84 0.81 0.65 0.758
0.84 0.76 0.64 0.744
0.82 0.76 0.72 0.768
0.81 0.77 0.67 0.746
0.91 0.71 0.66 0.77
0.78 0.84 0.7 0.76
0.89 0.8 0.65 0.776
0.79 0.71 0.78 0.77
0.86 0.72 0.6 0.728
0.88 0.67 0.61 0.73
0.87 0.77 0.73 0.794
0.84 0.75 0.65 0.746
0.84 0.78 0.59 0.728
0.82 0.71 0.76 0.774
0.82 0.73 0.64 0.73
0.81 0.76 0.62 0.724
0.9 0.78 0.64 0.772
0.82 0.75 0.56 0.702
0.83 0.71 0.67 0.742
0.8 0.74 0.77 0.776
0.82 0.72 0.7 0.752
0.78 0.79 0.7 0.75
0.76 0.76 0.67 0.724
0.83 0.74 0.65 0.74
0.84 0.72 0.72 0.768
0.84 0.75 0.75 0.786
0.85 0.79 0.59 0.734
0.83 0.71 0.71 0.758
0.83 0.74 0.63 0.732
0.85 0.82 0.62 0.752
0.84 0.77 0.57 0.718
0.82 0.78 0.66 0.748
0.74 0.76 0.73 0.74
0.84 0.77 0.66 0.754
0.86 0.74 0.6 0.732
0.85 0.74 0.69 0.764
0.8 0.74 0.58 0.7
0.83 0.68 0.59 0.704
0.85 0.76 0.71 0.776
0.85 0.75 0.65 0.75
0.85 0.74 0.65 0.748
0.85 0.73 0.66 0.75
0.88 0.72 0.67 0.764
0.82 0.73 0.61 0.718
0.76 0.76 0.64 0.712
0.88 0.74 0.66 0.764
0.76 0.69 0.74 0.738
0.85 0.67 0.73 0.766
0.85 0.73 0.69 0.762
0.89 0.71 0.63 0.75
0.82 0.71 0.69 0.746
0.79 0.75 0.77 0.774
0.88 0.72 0.73 0.788
0.82 0.76 0.76 0.784
0.85 0.74 0.66 0.752
0.85 0.78 0.57 0.724
0.8 0.77 0.74 0.77
0.84 0.78 0.67 0.76
0.84 0.75 0.76 0.79
0.82 0.74 0.66 0.74
0.87 0.75 0.64 0.754
0.86 0.75 0.65 0.754
0.81 0.73 0.63 0.722
0.84 0.76 0.73 0.78
0.86 0.73 0.75 0.79
0.79 0.78 0.72 0.76
0.88 0.8 0.68 0.784
0.87 0.77 0.63 0.754
0.84 0.79 0.65 0.754
0.84 0.74 0.69 0.76
0.87 0.74 0.58 0.728
0.85 0.75 0.67 0.758
0.8 0.74 0.74 0.764
0.84 0.81 0.76 0.802
0.81 0.71 0.66 0.73
0.88 0.74 0.57 0.728
0.71 0.76 0.65 0.696
0.77 0.78 0.58 0.696
0.87 0.78 0.54 0.72
0.84 0.77 0.71 0.774
0.86 0.81 0.66 0.77
0.86 0.69 0.66 0.746
0.81 0.76 0.69 0.752
0.79 0.82 0.78 0.792
0.79 0.78 0.63 0.724
0.81 0.75 0.67 0.742
0.88 0.78 0.69 0.784
0.83 0.78 0.62 0.736
0.81 0.8 0.56 0.708
0.78 0.76 0.73 0.756
0.79 0.74 0.6 0.704
0.85 0.75 0.65 0.75
0.82 0.78 0.66 0.748
0.78 0.72 0.8 0.776
0.82 0.78 0.64 0.74
0.84 0.76 0.7 0.768
0.81 0.73 0.69 0.746
0.83 0.78 0.73 0.78
0.82 0.76 0.54 0.696
0.86 0.75 0.66 0.758
0.79 0.75 0.65 0.726
0.86 0.72 0.76 0.792
0.91 0.79 0.66 0.786
0.86 0.77 0.72 0.786
0.85 0.72 0.65 0.744
0.84 0.77 0.67 0.758
0.8 0.74 0.65 0.728
0.79 0.72 0.61 0.704
0.77 0.78 0.61 0.708
0.88 0.72 0.72 0.784
0.82 0.73 0.55 0.694
0.83 0.72 0.8 0.796
0.85 0.77 0.79 0.81
0.85 0.76 0.64 0.748
0.86 0.69 0.64 0.738
0.84 0.76 0.66 0.752
0.83 0.73 0.63 0.73
0.83 0.78 0.66 0.752
0.86 0.75 0.6 0.734
0.86 0.72 0.64 0.744
0.9 0.76 0.57 0.74
0.82 0.8 0.63 0.74
0.87 0.77 0.75 0.802
0.86 0.75 0.76 0.798
0.88 0.72 0.66 0.76
0.9 0.74 0.62 0.756
0.78 0.71 0.72 0.742
0.85 0.78 0.69 0.772
0.79 0.72 0.57 0.688
0.81 0.69 0.69 0.738
0.86 0.75 0.51 0.698
0.82 0.71 0.61 0.714
0.83 0.79 0.69 0.766
0.82 0.79 0.59 0.722
0.81 0.75 0.64 0.73
0.82 0.73 0.74 0.77
0.84 0.71 0.78 0.79
0.84 0.75 0.7 0.766
0.82 0.72 0.57 0.7
0.84 0.7 0.63 0.728
0.84 0.7 0.71 0.76
0.88 0.76 0.75 0.804
0.87 0.76 0.59 0.736
0.86 0.8 0.68 0.776
0.77 0.79 0.72 0.754
0.83 0.74 0.71 0.764
0.83 0.75 0.65 0.742
0.88 0.72 0.73 0.788
0.81 0.77 0.62 0.726
0.86 0.81 0.68 0.778
0.79 0.73 0.8 0.782
0.79 0.69 0.69 0.73
0.83 0.73 0.59 0.714
0.84 0.78 0.64 0.748
0.88 0.73 0.65 0.758
0.77 0.79 0.68 0.738
0.84 0.79 0.66 0.758
0.83 0.77 0.7 0.766
0.84 0.68 0.66 0.736
0.84 0.73 0.65 0.742
0.86 0.76 0.71 0.78
0.77 0.77 0.79 0.778
0.85 0.75 0.67 0.758
0.82 0.77 0.58 0.714
0.86 0.78 0.62 0.748
0.92 0.79 0.69 0.802
0.81 0.76 0.71 0.76
0.8 0.75 0.59 0.706
0.82 0.72 0.53 0.684
0.85 0.74 0.64 0.744
0.83 0.72 0.67 0.744
0.86 0.77 0.67 0.766
0.88 0.75 0.67 0.77
0.85 0.68 0.58 0.708
0.78 0.69 0.62 0.698
0.88 0.69 0.57 0.718
0.84 0.74 0.51 0.688
0.81 0.74 0.67 0.74
0.84 0.78 0.71 0.776
0.82 0.75 0.69 0.754
0.78 0.77 0.65 0.726
0.81 0.8 0.66 0.748
0.85 0.76 0.63 0.744
0.84 0.78 0.68 0.764
0.79 0.79 0.61 0.718
0.87 0.76 0.71 0.784
0.8 0.78 0.71 0.76
0.82 0.72 0.76 0.776
0.84 0.79 0.7 0.774
0.81 0.77 0.65 0.738
0.86 0.74 0.65 0.752
0.83 0.75 0.54 0.698
0.83 0.77 0.63 0.738
0.86 0.71 0.57 0.714
0.84 0.75 0.66 0.75
0.86 0.77 0.7 0.778
0.82 0.71 0.68 0.742
0.9 0.67 0.68 0.766
0.84 0.76 0.49 0.684
0.82 0.74 0.6 0.716
0.83 0.74 0.77 0.788
0.88 0.79 0.65 0.77
0.82 0.72 0.63 0.724
0.89 0.72 0.74 0.796
0.79 0.75 0.6 0.706
0.84 0.73 0.67 0.75
0.86 0.8 0.62 0.752
0.75 0.72 0.59 0.68
0.81 0.73 0.51 0.674
0.88 0.78 0.63 0.76
0.76 0.77 0.63 0.71
0.83 0.75 0.64 0.738
0.87 0.74 0.69 0.772
0.83 0.8 0.64 0.748
0.85 0.8 0.7 0.78
0.85 0.72 0.65 0.744
0.85 0.76 0.77 0.8
0.87 0.79 0.7 0.786
0.88 0.74 0.65 0.76
0.77 0.7 0.68 0.72
0.86 0.75 0.69 0.77
0.78 0.75 0.7 0.742
0.82 0.77 0.69 0.758
0.82 0.71 0.65 0.73
0.79 0.81 0.69 0.754
0.83 0.81 0.48 0.686
0.87 0.72 0.52 0.7
0.9 0.7 0.7 0.78
0.85 0.77 0.68 0.766
0.84 0.71 0.76 0.782
0.8 0.77 0.77 0.782
0.9 0.78 0.7 0.796
0.81 0.77 0.58 0.71
0.84 0.74 0.63 0.736
0.82 0.76 0.61 0.724
0.89 0.74 0.57 0.732
0.82 0.73 0.7 0.754
0.82 0.8 0.75 0.788
0.82 0.72 0.56 0.696
0.89 0.77 0.61 0.754
0.84 0.8 0.72 0.784
0.8 0.79 0.57 0.706
0.83 0.69 0.76 0.774
0.81 0.75 0.73 0.766
0.82 0.8 0.76 0.792
0.86 0.78 0.63 0.752
0.83 0.75 0.69 0.758
0.81 0.8 0.73 0.776
0.82 0.75 0.63 0.73
0.86 0.74 0.64 0.748
0.81 0.77 0.7 0.758
0.89 0.72 0.71 0.784
0.83 0.69 0.65 0.73
0.8 0.69 0.66 0.722
0.85 0.72 0.75 0.784
0.78 0.78 0.66 0.732
0.8 0.74 0.59 0.704
0.8 0.75 0.52 0.678
0.86 0.73 0.56 0.714
0.82 0.78 0.6 0.724
0.8 0.73 0.75 0.766
0.85 0.79 0.68 0.77
0.83 0.76 0.66 0.748
0.8 0.78 0.68 0.748
0.8 0.7 0.6 0.7
0.8 0.73 0.66 0.73
0.84 0.7 0.6 0.716
0.84 0.74 0.69 0.76
0.89 0.76 0.72 0.796
0.84 0.71 0.64 0.734
0.86 0.72 0.7 0.768
0.9 0.72 0.67 0.772
0.88 0.69 0.69 0.766
0.83 0.71 0.74 0.77
0.83 0.71 0.66 0.738
0.86 0.74 0.58 0.724
0.85 0.73 0.54 0.702
0.85 0.72 0.69 0.76
0.81 0.71 0.6 0.706
0.88 0.74 0.56 0.724
0.83 0.73 0.73 0.77
0.85 0.82 0.63 0.756
0.82 0.71 0.51 0.674
0.86 0.76 0.7 0.776
0.83 0.77 0.63 0.738
0.87 0.68 0.63 0.736
0.84 0.74 0.74 0.78
0.82 0.77 0.54 0.698
0.88 0.76 0.69 0.78
0.86 0.75 0.68 0.766
0.88 0.74 0.64 0.756
0.8 0.71 0.66 0.726
0.86 0.77 0.66 0.762
0.79 0.73 0.69 0.738
0.86 0.78 0.61 0.744
0.89 0.71 0.69 0.774
0.86 0.77 0.65 0.758
0.91 0.8 0.79 0.84
0.82 0.75 0.73 0.77
0.9 0.77 0.61 0.758
0.85 0.74 0.68 0.76
0.81 0.76 0.67 0.744
0.83 0.69 0.71 0.754
0.84 0.72 0.59 0.716
0.78 0.77 0.78 0.778
0.77 0.76 0.74 0.756
0.8 0.69 0.67 0.726
0.85 0.83 0.63 0.758
0.78 0.73 0.68 0.73
0.83 0.74 0.61 0.724
0.85 0.78 0.58 0.728
0.85 0.73 0.55 0.706
0.84 0.76 0.6 0.728
0.78 0.71 0.58 0.686
0.85 0.78 0.7 0.776
0.84 0.69 0.73 0.766
0.8 0.8 0.73 0.772
0.79 0.69 0.69 0.73
0.86 0.74 0.76 0.796
0.85 0.79 0.72 0.786
0.86 0.71 0.89 0.842
0.83 0.76 0.65 0.744
0.8 0.81 0.49 0.678
0.87 0.7 0.67 0.756
0.87 0.72 0.63 0.744
0.85 0.75 0.8 0.81
0.8 0.76 0.64 0.728
0.78 0.78 0.52 0.676
0.85 0.75 0.65 0.75
0.81 0.78 0.63 0.732
0.78 0.78 0.67 0.736
0.81 0.78 0.71 0.764
0.83 0.76 0.58 0.716
0.87 0.78 0.58 0.736
0.8 0.75 0.72 0.758
0.84 0.75 0.67 0.754
0.83 0.73 0.65 0.738
0.84 0.74 0.55 0.704
0.89 0.75 0.72 0.794
0.87 0.71 0.55 0.71
0.81 0.71 0.66 0.73
0.8 0.74 0.69 0.744
0.84 0.81 0.59 0.734
0.87 0.75 0.55 0.718
0.84 0.78 0.76 0.796
0.87 0.77 0.66 0.766
0.81 0.73 0.57 0.698
0.82 0.71 0.85 0.81
0.85 0.67 0.71 0.758
0.85 0.76 0.66 0.756
0.86 0.71 0.64 0.742
0.84 0.71 0.6 0.718
0.86 0.73 0.73 0.782
0.86 0.78 0.69 0.776
0.79 0.74 0.69 0.74
0.93 0.79 0.6 0.77
0.77 0.75 0.7 0.738
0.85 0.75 0.62 0.738
0.82 0.77 0.68 0.754
0.87 0.7 0.65 0.748
0.78 0.78 0.62 0.716
0.82 0.75 0.72 0.766
0.85 0.74 0.7 0.768
0.86 0.76 0.63 0.748
0.82 0.71 0.64 0.726
0.79 0.78 0.67 0.74
0.84 0.76 0.62 0.736
0.91 0.76 0.69 0.792
0.86 0.74 0.6 0.732
0.83 0.73 0.64 0.734
0.83 0.69 0.65 0.73
0.88 0.73 0.8 0.818
0.84 0.75 0.57 0.714
0.85 0.77 0.61 0.738
0.78 0.76 0.59 0.7
0.85 0.72 0.7 0.764
0.84 0.73 0.65 0.742
0.87 0.72 0.68 0.764
0.77 0.79 0.55 0.686
0.9 0.74 0.57 0.736
0.85 0.75 0.7 0.77
0.79 0.71 0.6 0.698
0.86 0.76 0.65 0.756
0.8 0.71 0.72 0.75
0.83 0.72 0.71 0.76
0.85 0.78 0.73 0.788
0.81 0.73 0.55 0.69
0.85 0.77 0.82 0.822
0.8 0.77 0.66 0.738
0.86 0.74 0.67 0.76
0.82 0.76 0.61 0.724
0.85 0.73 0.7 0.766
0.85 0.75 0.56 0.714
0.84 0.74 0.62 0.732
0.79 0.66 0.51 0.652
0.81 0.69 0.57 0.69
0.87 0.71 0.62 0.738
0.83 0.73 0.7 0.758
0.79 0.72 0.56 0.684
0.89 0.76 0.69 0.784
0.86 0.78 0.47 0.688
0.81 0.81 0.72 0.774
0.84 0.75 0.71 0.77
0.82 0.8 0.67 0.756
0.83 0.76 0.66 0.748
0.81 0.7 0.66 0.728
0.88 0.73 0.6 0.738
0.85 0.71 0.68 0.754
0.83 0.75 0.68 0.754
0.82 0.81 0.64 0.746
0.8 0.78 0.61 0.72
0.83 0.76 0.78 0.796
0.82 0.73 0.73 0.766
0.85 0.73 0.68 0.758
0.87 0.78 0.58 0.736
0.84 0.76 0.7 0.768
0.77 0.71 0.7 0.73
0.82 0.69 0.65 0.726
0.81 0.7 0.66 0.728
0.8 0.76 0.57 0.7
0.85 0.7 0.73 0.772
0.77 0.72 0.79 0.768
0.86 0.74 0.62 0.74
0.9 0.75 0.69 0.786
0.82 0.76 0.54 0.696
0.84 0.78 0.62 0.74
0.82 0.73 0.71 0.758
0.82 0.75 0.7 0.758
0.82 0.79 0.73 0.778
0.81 0.78 0.58 0.712
0.9 0.74 0.53 0.72
0.83 0.77 0.72 0.774
0.76 0.71 0.67 0.714
0.82 0.76 0.63 0.732
0.77 0.7 0.53 0.66
0.82 0.75 0.75 0.778
0.82 0.75 0.6 0.718
0.81 0.79 0.55 0.702
0.86 0.73 0.59 0.726
0.85 0.76 0.68 0.764
